-1.04 -0.004472
-1.02 -0.004472
-1.00 -0.004472
-0.98 -0.004472
-0.96 -0.004472
-0.94 -0.004472
-0.92 -0.004472
-0.90 -0.004472
-0.88 -0.004472
-0.86 -0.004472
-0.84 -0.004472
-0.82 -0.004472
-0.80 -0.004472
-0.78 -0.004472
-0.76 -0.004472
-0.74 -0.004472
-0.72 -0.004472
-0.70 -0.004472
-0.68 -0.004472
-0.66 -0.004472
-0.64 -0.004472
-0.62 -0.004472
-0.60 -0.004472
-0.58 -0.004472
-0.56 -0.004472
-0.54 -0.004472
-0.52 -0.004472
-0.50 -0.004472
-0.48 -0.004472
-0.46 -0.004472
-0.44 -0.004472
-0.42 -0.004472
-0.40 -0.004472
-0.38 -0.004472
-0.36 -0.004472
-0.34 -0.004472
-0.32 -0.004472
-0.30 -0.004472
-0.28 -0.004472
-0.26 -0.004472
-0.24 -0.004472
-0.22 -0.004472
-0.20 -0.004472
-0.18 -0.004472
-0.16 -0.004472
-0.14 -0.004472
-0.12 -0.004472
-0.10 -0.004472
-0.08 -0.004472
-0.06 -0.004472
-0.04 -0.004472
-0.02 -0.004472
0.00 -0.004472
0.02 -0.004472
0.04 -0.004472
0.06 -0.004472
0.08 -0.004472
0.10 -0.004472
0.12 -0.004472
0.14 -0.004472
0.16 -0.004472
0.18 -0.004472
0.20 -0.004472
0.22 -0.004472
0.24 -0.004472
0.26 -0.004472
0.28 -0.004472
0.30 -0.004472
0.32 -0.004472
0.34 -0.004472
0.36 -0.004472
0.38 -0.004472
0.40 -0.004472
0.42 -0.004472
0.44 -0.004472
0.46 -0.004472
0.48 -0.004472
0.50 -0.004472
0.52 -0.004472
0.54 -0.004472
0.56 -0.004472
0.58 -0.004472
0.60 -0.004472
0.62 -0.004472
0.64 -0.004472
0.66 -0.004472
0.68 -0.004472
0.70 -0.004472
0.72 -0.004472
0.74 -0.004472
0.76 -0.004472
0.78 -0.004472
0.80 -0.004472
0.82 -0.004472
0.84 -0.004472
0.86 -0.004472
0.88 -0.004472
0.90 -0.004472
0.92 -0.004472
0.94 -0.004472
0.96 -0.004472
0.98 -0.004472
1.00 -0.004472
1.02 -0.004472
1.04 -0.004472
-1.04 -0.002236
-1.02 -0.002236
-1.00 -0.002236
-0.98 -0.002236
-0.96 -0.002236
-0.94 -0.002236
-0.92 -0.002236
-0.90 -0.002236
-0.88 -0.002236
-0.86 -0.002236
-0.84 -0.002236
-0.82 -0.002236
-0.80 -0.002236
-0.78 -0.002236
-0.76 -0.002236
-0.74 -0.002236
-0.72 -0.002236
-0.70 -0.002236
-0.68 -0.002236
-0.66 -0.002236
-0.64 -0.002236
-0.62 -0.002236
-0.60 -0.002236
-0.58 -0.002236
-0.56 -0.002236
-0.54 -0.002236
-0.52 -0.002236
-0.50 -0.002236
-0.48 -0.002236
-0.46 -0.002236
-0.44 -0.002236
-0.42 -0.002236
-0.40 -0.002236
-0.38 -0.002236
-0.36 -0.002236
-0.34 -0.002236
-0.32 -0.002236
-0.30 -0.002236
-0.28 -0.002236
-0.26 -0.002236
-0.24 -0.002236
-0.22 -0.002236
-0.20 -0.002236
-0.18 -0.002236
-0.16 -0.002236
-0.14 -0.002236
-0.12 -0.002236
-0.10 -0.002236
-0.08 -0.002236
-0.06 -0.002236
-0.04 -0.002236
-0.02 -0.002236
0.00 -0.002236
0.02 -0.002236
0.04 -0.002236
0.06 -0.002236
0.08 -0.002236
0.10 -0.002236
0.12 -0.002236
0.14 -0.002236
0.16 -0.002236
0.18 -0.002236
0.20 -0.002236
0.22 -0.002236
0.24 -0.002236
0.26 -0.002236
0.28 -0.002236
0.30 -0.002236
0.32 -0.002236
0.34 -0.002236
0.36 -0.002236
0.38 -0.002236
0.40 -0.002236
0.42 -0.002236
0.44 -0.002236
0.46 -0.002236
0.48 -0.002236
0.50 -0.002236
0.52 -0.002236
0.54 -0.002236
0.56 -0.002236
0.58 -0.002236
0.60 -0.002236
0.62 -0.002236
0.64 -0.002236
0.66 -0.002236
0.68 -0.002236
0.70 -0.002236
0.72 -0.002236
0.74 -0.002236
0.76 -0.002236
0.78 -0.002236
0.80 -0.002236
0.82 -0.002236
0.84 -0.002236
0.86 -0.002236
0.88 -0.002236
0.90 -0.002236
0.92 -0.002236
0.94 -0.002236
0.96 -0.002236
0.98 -0.002236
1.00 -0.002236
1.02 -0.002236
1.04 -0.002236
-1.04 0.000000
-1.02 0.000000
-1.00 0.000000
-0.98 0.000000
-0.96 0.000000
-0.94 0.000000
-0.92 0.000000
-0.90 0.000000
-0.88 0.000000
-0.86 0.000000
-0.84 0.000000
-0.82 0.000000
-0.80 0.000000
-0.78 0.000000
-0.76 0.000000
-0.74 0.000000
-0.72 0.000000
-0.70 0.000000
-0.68 0.000000
-0.66 0.000000
-0.64 0.000000
-0.62 0.000000
-0.60 0.000000
-0.58 0.000000
-0.56 0.000000
-0.54 0.000000
-0.52 0.000000
-0.50 0.000000
-0.48 0.000000
-0.46 0.000000
-0.44 0.000000
-0.42 0.000000
-0.40 0.000000
-0.38 0.000000
-0.36 0.000000
-0.34 0.000000
-0.32 0.000000
-0.30 0.000000
-0.28 0.000000
-0.26 0.000000
-0.24 0.000000
-0.22 0.000000
-0.20 0.000000
-0.18 0.000000
-0.16 0.000000
-0.14 0.000000
-0.12 0.000000
-0.10 0.000000
-0.08 0.000000
-0.06 0.000000
-0.04 0.000000
-0.02 0.000000
0.00 0.000000
0.02 0.000000
0.04 0.000000
0.06 0.000000
0.08 0.000000
0.10 0.000000
0.12 0.000000
0.14 0.000000
0.16 0.000000
0.18 0.000000
0.20 0.000000
0.22 0.000000
0.24 0.000000
0.26 0.000000
0.28 0.000000
0.30 0.000000
0.32 0.000000
0.34 0.000000
0.36 0.000000
0.38 0.000000
0.40 0.000000
0.42 0.000000
0.44 0.000000
0.46 0.000000
0.48 0.000000
0.50 0.000000
0.52 0.000000
0.54 0.000000
0.56 0.000000
0.58 0.000000
0.60 0.000000
0.62 0.000000
0.64 0.000000
0.66 0.000000
0.68 0.000000
0.70 0.000000
0.72 0.000000
0.74 0.000000
0.76 0.000000
0.78 0.000000
0.80 0.000000
0.82 0.000000
0.84 0.000000
0.86 0.000000
0.88 0.000000
0.90 0.000000
0.92 0.000000
0.94 0.000000
0.96 0.000000
0.98 0.000000
1.00 0.000000
1.02 0.000000
1.04 0.000000
-1.04 0.002236
-1.02 0.002236
-1.00 0.002236
-0.98 0.002236
-0.96 0.002236
-0.94 0.002236
-0.92 0.002236
-0.90 0.002236
-0.88 0.002236
-0.86 0.002236
-0.84 0.002236
-0.82 0.002236
-0.80 0.002236
-0.78 0.002236
-0.76 0.002236
-0.74 0.002236
-0.72 0.002236
-0.70 0.002236
-0.68 0.002236
-0.66 0.002236
-0.64 0.002236
-0.62 0.002236
-0.60 0.002236
-0.58 0.002236
-0.56 0.002236
-0.54 0.002236
-0.52 0.002236
-0.50 0.002236
-0.48 0.002236
-0.46 0.002236
-0.44 0.002236
-0.42 0.002236
-0.40 0.002236
-0.38 0.002236
-0.36 0.002236
-0.34 0.002236
-0.32 0.002236
-0.30 0.002236
-0.28 0.002236
-0.26 0.002236
-0.24 0.002236
-0.22 0.002236
-0.20 0.002236
-0.18 0.002236
-0.16 0.002236
-0.14 0.002236
-0.12 0.002236
-0.10 0.002236
-0.08 0.002236
-0.06 0.002236
-0.04 0.002236
-0.02 0.002236
0.00 0.002236
0.02 0.002236
0.04 0.002236
0.06 0.002236
0.08 0.002236
0.10 0.002236
0.12 0.002236
0.14 0.002236
0.16 0.002236
0.18 0.002236
0.20 0.002236
0.22 0.002236
0.24 0.002236
0.26 0.002236
0.28 0.002236
0.30 0.002236
0.32 0.002236
0.34 0.002236
0.36 0.002236
0.38 0.002236
0.40 0.002236
0.42 0.002236
0.44 0.002236
0.46 0.002236
0.48 0.002236
0.50 0.002236
0.52 0.002236
0.54 0.002236
0.56 0.002236
0.58 0.002236
0.60 0.002236
0.62 0.002236
0.64 0.002236
0.66 0.002236
0.68 0.002236
0.70 0.002236
0.72 0.002236
0.74 0.002236
0.76 0.002236
0.78 0.002236
0.80 0.002236
0.82 0.002236
0.84 0.002236
0.86 0.002236
0.88 0.002236
0.90 0.002236
0.92 0.002236
0.94 0.002236
0.96 0.002236
0.98 0.002236
1.00 0.002236
1.02 0.002236
1.04 0.002236
-1.04 0.004697
-1.02 0.004697
-1.00 0.004697
-0.98 0.004697
-0.96 0.004697
-0.94 0.004697
-0.92 0.004697
-0.90 0.004697
-0.88 0.004697
-0.86 0.004697
-0.84 0.004697
-0.82 0.004697
-0.80 0.004697
-0.78 0.004697
-0.76 0.004697
-0.74 0.004697
-0.72 0.004697
-0.70 0.004697
-0.68 0.004697
-0.66 0.004697
-0.64 0.004697
-0.62 0.004697
-0.60 0.004697
-0.58 0.004697
-0.56 0.004697
-0.54 0.004697
-0.52 0.004697
-0.50 0.004697
-0.48 0.004697
-0.46 0.004697
-0.44 0.004697
-0.42 0.004697
-0.40 0.004697
-0.38 0.004697
-0.36 0.004697
-0.34 0.004697
-0.32 0.004697
-0.30 0.004697
-0.28 0.004697
-0.26 0.004697
-0.24 0.004697
-0.22 0.004697
-0.20 0.004697
-0.18 0.004697
-0.16 0.004697
-0.14 0.004697
-0.12 0.004697
-0.10 0.004697
-0.08 0.004697
-0.06 0.004697
-0.04 0.004697
-0.02 0.004697
0.00 0.004697
0.02 0.004697
0.04 0.004697
0.06 0.004697
0.08 0.004697
0.10 0.004697
0.12 0.004697
0.14 0.004697
0.16 0.004697
0.18 0.004697
0.20 0.004697
0.22 0.004697
0.24 0.004697
0.26 0.004697
0.28 0.004697
0.30 0.004697
0.32 0.004697
0.34 0.004697
0.36 0.004697
0.38 0.004697
0.40 0.004697
0.42 0.004697
0.44 0.004697
0.46 0.004697
0.48 0.004697
0.50 0.004697
0.52 0.004697
0.54 0.004697
0.56 0.004697
0.58 0.004697
0.60 0.004697
0.62 0.004697
0.64 0.004697
0.66 0.004697
0.68 0.004697
0.70 0.004697
0.72 0.004697
0.74 0.004697
0.76 0.004697
0.78 0.004697
0.80 0.004697
0.82 0.004697
0.84 0.004697
0.86 0.004697
0.88 0.004697
0.90 0.004697
0.92 0.004697
0.94 0.004697
0.96 0.004697
0.98 0.004697
1.00 0.004697
1.02 0.004697
1.04 0.004697
-1.04 0.007404
-1.02 0.007404
-1.00 0.007404
-0.98 0.007404
-0.96 0.007404
-0.94 0.007404
-0.92 0.007404
-0.90 0.007404
-0.88 0.007404
-0.86 0.007404
-0.84 0.007404
-0.82 0.007404
-0.80 0.007404
-0.78 0.007404
-0.76 0.007404
-0.74 0.007404
-0.72 0.007404
-0.70 0.007404
-0.68 0.007404
-0.66 0.007404
-0.64 0.007404
-0.62 0.007404
-0.60 0.007404
-0.58 0.007404
-0.56 0.007404
-0.54 0.007404
-0.52 0.007404
-0.50 0.007404
-0.48 0.007404
-0.46 0.007404
-0.44 0.007404
-0.42 0.007404
-0.40 0.007404
-0.38 0.007404
-0.36 0.007404
-0.34 0.007404
-0.32 0.007404
-0.30 0.007404
-0.28 0.007404
-0.26 0.007404
-0.24 0.007404
-0.22 0.007404
-0.20 0.007404
-0.18 0.007404
-0.16 0.007404
-0.14 0.007404
-0.12 0.007404
-0.10 0.007404
-0.08 0.007404
-0.06 0.007404
-0.04 0.007404
-0.02 0.007404
0.00 0.007404
0.02 0.007404
0.04 0.007404
0.06 0.007404
0.08 0.007404
0.10 0.007404
0.12 0.007404
0.14 0.007404
0.16 0.007404
0.18 0.007404
0.20 0.007404
0.22 0.007404
0.24 0.007404
0.26 0.007404
0.28 0.007404
0.30 0.007404
0.32 0.007404
0.34 0.007404
0.36 0.007404
0.38 0.007404
0.40 0.007404
0.42 0.007404
0.44 0.007404
0.46 0.007404
0.48 0.007404
0.50 0.007404
0.52 0.007404
0.54 0.007404
0.56 0.007404
0.58 0.007404
0.60 0.007404
0.62 0.007404
0.64 0.007404
0.66 0.007404
0.68 0.007404
0.70 0.007404
0.72 0.007404
0.74 0.007404
0.76 0.007404
0.78 0.007404
0.80 0.007404
0.82 0.007404
0.84 0.007404
0.86 0.007404
0.88 0.007404
0.90 0.007404
0.92 0.007404
0.94 0.007404
0.96 0.007404
0.98 0.007404
1.00 0.007404
1.02 0.007404
1.04 0.007404
-1.04 0.010383
-1.02 0.010383
-1.00 0.010383
-0.98 0.010383
-0.96 0.010383
-0.94 0.010383
-0.92 0.010383
-0.90 0.010383
-0.88 0.010383
-0.86 0.010383
-0.84 0.010383
-0.82 0.010383
-0.80 0.010383
-0.78 0.010383
-0.76 0.010383
-0.74 0.010383
-0.72 0.010383
-0.70 0.010383
-0.68 0.010383
-0.66 0.010383
-0.64 0.010383
-0.62 0.010383
-0.60 0.010383
-0.58 0.010383
-0.56 0.010383
-0.54 0.010383
-0.52 0.010383
-0.50 0.010383
-0.48 0.010383
-0.46 0.010383
-0.44 0.010383
-0.42 0.010383
-0.40 0.010383
-0.38 0.010383
-0.36 0.010383
-0.34 0.010383
-0.32 0.010383
-0.30 0.010383
-0.28 0.010383
-0.26 0.010383
-0.24 0.010383
-0.22 0.010383
-0.20 0.010383
-0.18 0.010383
-0.16 0.010383
-0.14 0.010383
-0.12 0.010383
-0.10 0.010383
-0.08 0.010383
-0.06 0.010383
-0.04 0.010383
-0.02 0.010383
0.00 0.010383
0.02 0.010383
0.04 0.010383
0.06 0.010383
0.08 0.010383
0.10 0.010383
0.12 0.010383
0.14 0.010383
0.16 0.010383
0.18 0.010383
0.20 0.010383
0.22 0.010383
0.24 0.010383
0.26 0.010383
0.28 0.010383
0.30 0.010383
0.32 0.010383
0.34 0.010383
0.36 0.010383
0.38 0.010383
0.40 0.010383
0.42 0.010383
0.44 0.010383
0.46 0.010383
0.48 0.010383
0.50 0.010383
0.52 0.010383
0.54 0.010383
0.56 0.010383
0.58 0.010383
0.60 0.010383
0.62 0.010383
0.64 0.010383
0.66 0.010383
0.68 0.010383
0.70 0.010383
0.72 0.010383
0.74 0.010383
0.76 0.010383
0.78 0.010383
0.80 0.010383
0.82 0.010383
0.84 0.010383
0.86 0.010383
0.88 0.010383
0.90 0.010383
0.92 0.010383
0.94 0.010383
0.96 0.010383
0.98 0.010383
1.00 0.010383
1.02 0.010383
1.04 0.010383
-1.04 0.013661
-1.02 0.013661
-1.00 0.013661
-0.98 0.013661
-0.96 0.013661
-0.94 0.013661
-0.92 0.013661
-0.90 0.013661
-0.88 0.013661
-0.86 0.013661
-0.84 0.013661
-0.82 0.013661
-0.80 0.013661
-0.78 0.013661
-0.76 0.013661
-0.74 0.013661
-0.72 0.013661
-0.70 0.013661
-0.68 0.013661
-0.66 0.013661
-0.64 0.013661
-0.62 0.013661
-0.60 0.013661
-0.58 0.013661
-0.56 0.013661
-0.54 0.013661
-0.52 0.013661
-0.50 0.013661
-0.48 0.013661
-0.46 0.013661
-0.44 0.013661
-0.42 0.013661
-0.40 0.013661
-0.38 0.013661
-0.36 0.013661
-0.34 0.013661
-0.32 0.013661
-0.30 0.013661
-0.28 0.013661
-0.26 0.013661
-0.24 0.013661
-0.22 0.013661
-0.20 0.013661
-0.18 0.013661
-0.16 0.013661
-0.14 0.013661
-0.12 0.013661
-0.10 0.013661
-0.08 0.013661
-0.06 0.013661
-0.04 0.013661
-0.02 0.013661
0.00 0.013661
0.02 0.013661
0.04 0.013661
0.06 0.013661
0.08 0.013661
0.10 0.013661
0.12 0.013661
0.14 0.013661
0.16 0.013661
0.18 0.013661
0.20 0.013661
0.22 0.013661
0.24 0.013661
0.26 0.013661
0.28 0.013661
0.30 0.013661
0.32 0.013661
0.34 0.013661
0.36 0.013661
0.38 0.013661
0.40 0.013661
0.42 0.013661
0.44 0.013661
0.46 0.013661
0.48 0.013661
0.50 0.013661
0.52 0.013661
0.54 0.013661
0.56 0.013661
0.58 0.013661
0.60 0.013661
0.62 0.013661
0.64 0.013661
0.66 0.013661
0.68 0.013661
0.70 0.013661
0.72 0.013661
0.74 0.013661
0.76 0.013661
0.78 0.013661
0.80 0.013661
0.82 0.013661
0.84 0.013661
0.86 0.013661
0.88 0.013661
0.90 0.013661
0.92 0.013661
0.94 0.013661
0.96 0.013661
0.98 0.013661
1.00 0.013661
1.02 0.013661
1.04 0.013661
-1.04 0.017268
-1.02 0.017268
-1.00 0.017268
-0.98 0.017268
-0.96 0.017268
-0.94 0.017268
-0.92 0.017268
-0.90 0.017268
-0.88 0.017268
-0.86 0.017268
-0.84 0.017268
-0.82 0.017268
-0.80 0.017268
-0.78 0.017268
-0.76 0.017268
-0.74 0.017268
-0.72 0.017268
-0.70 0.017268
-0.68 0.017268
-0.66 0.017268
-0.64 0.017268
-0.62 0.017268
-0.60 0.017268
-0.58 0.017268
-0.56 0.017268
-0.54 0.017268
-0.52 0.017268
-0.50 0.017268
-0.48 0.017268
-0.46 0.017268
-0.44 0.017268
-0.42 0.017268
-0.40 0.017268
-0.38 0.017268
-0.36 0.017268
-0.34 0.017268
-0.32 0.017268
-0.30 0.017268
-0.28 0.017268
-0.26 0.017268
-0.24 0.017268
-0.22 0.017268
-0.20 0.017268
-0.18 0.017268
-0.16 0.017268
-0.14 0.017268
-0.12 0.017268
-0.10 0.017268
-0.08 0.017268
-0.06 0.017268
-0.04 0.017268
-0.02 0.017268
0.00 0.017268
0.02 0.017268
0.04 0.017268
0.06 0.017268
0.08 0.017268
0.10 0.017268
0.12 0.017268
0.14 0.017268
0.16 0.017268
0.18 0.017268
0.20 0.017268
0.22 0.017268
0.24 0.017268
0.26 0.017268
0.28 0.017268
0.30 0.017268
0.32 0.017268
0.34 0.017268
0.36 0.017268
0.38 0.017268
0.40 0.017268
0.42 0.017268
0.44 0.017268
0.46 0.017268
0.48 0.017268
0.50 0.017268
0.52 0.017268
0.54 0.017268
0.56 0.017268
0.58 0.017268
0.60 0.017268
0.62 0.017268
0.64 0.017268
0.66 0.017268
0.68 0.017268
0.70 0.017268
0.72 0.017268
0.74 0.017268
0.76 0.017268
0.78 0.017268
0.80 0.017268
0.82 0.017268
0.84 0.017268
0.86 0.017268
0.88 0.017268
0.90 0.017268
0.92 0.017268
0.94 0.017268
0.96 0.017268
0.98 0.017268
1.00 0.017268
1.02 0.017268
1.04 0.017268
-1.04 0.021237
-1.02 0.021237
-1.00 0.021237
-0.98 0.021237
-0.96 0.021237
-0.94 0.021237
-0.92 0.021237
-0.90 0.021237
-0.88 0.021237
-0.86 0.021237
-0.84 0.021237
-0.82 0.021237
-0.80 0.021237
-0.78 0.021237
-0.76 0.021237
-0.74 0.021237
-0.72 0.021237
-0.70 0.021237
-0.68 0.021237
-0.66 0.021237
-0.64 0.021237
-0.62 0.021237
-0.60 0.021237
-0.58 0.021237
-0.56 0.021237
-0.54 0.021237
-0.52 0.021237
-0.50 0.021237
-0.48 0.021237
-0.46 0.021237
-0.44 0.021237
-0.42 0.021237
-0.40 0.021237
-0.38 0.021237
-0.36 0.021237
-0.34 0.021237
-0.32 0.021237
-0.30 0.021237
-0.28 0.021237
-0.26 0.021237
-0.24 0.021237
-0.22 0.021237
-0.20 0.021237
-0.18 0.021237
-0.16 0.021237
-0.14 0.021237
-0.12 0.021237
-0.10 0.021237
-0.08 0.021237
-0.06 0.021237
-0.04 0.021237
-0.02 0.021237
0.00 0.021237
0.02 0.021237
0.04 0.021237
0.06 0.021237
0.08 0.021237
0.10 0.021237
0.12 0.021237
0.14 0.021237
0.16 0.021237
0.18 0.021237
0.20 0.021237
0.22 0.021237
0.24 0.021237
0.26 0.021237
0.28 0.021237
0.30 0.021237
0.32 0.021237
0.34 0.021237
0.36 0.021237
0.38 0.021237
0.40 0.021237
0.42 0.021237
0.44 0.021237
0.46 0.021237
0.48 0.021237
0.50 0.021237
0.52 0.021237
0.54 0.021237
0.56 0.021237
0.58 0.021237
0.60 0.021237
0.62 0.021237
0.64 0.021237
0.66 0.021237
0.68 0.021237
0.70 0.021237
0.72 0.021237
0.74 0.021237
0.76 0.021237
0.78 0.021237
0.80 0.021237
0.82 0.021237
0.84 0.021237
0.86 0.021237
0.88 0.021237
0.90 0.021237
0.92 0.021237
0.94 0.021237
0.96 0.021237
0.98 0.021237
1.00 0.021237
1.02 0.021237
1.04 0.021237
-1.04 0.025604
-1.02 0.025604
-1.00 0.025604
-0.98 0.025604
-0.96 0.025604
-0.94 0.025604
-0.92 0.025604
-0.90 0.025604
-0.88 0.025604
-0.86 0.025604
-0.84 0.025604
-0.82 0.025604
-0.80 0.025604
-0.78 0.025604
-0.76 0.025604
-0.74 0.025604
-0.72 0.025604
-0.70 0.025604
-0.68 0.025604
-0.66 0.025604
-0.64 0.025604
-0.62 0.025604
-0.60 0.025604
-0.58 0.025604
-0.56 0.025604
-0.54 0.025604
-0.52 0.025604
-0.50 0.025604
-0.48 0.025604
-0.46 0.025604
-0.44 0.025604
-0.42 0.025604
-0.40 0.025604
-0.38 0.025604
-0.36 0.025604
-0.34 0.025604
-0.32 0.025604
-0.30 0.025604
-0.28 0.025604
-0.26 0.025604
-0.24 0.025604
-0.22 0.025604
-0.20 0.025604
-0.18 0.025604
-0.16 0.025604
-0.14 0.025604
-0.12 0.025604
-0.10 0.025604
-0.08 0.025604
-0.06 0.025604
-0.04 0.025604
-0.02 0.025604
0.00 0.025604
0.02 0.025604
0.04 0.025604
0.06 0.025604
0.08 0.025604
0.10 0.025604
0.12 0.025604
0.14 0.025604
0.16 0.025604
0.18 0.025604
0.20 0.025604
0.22 0.025604
0.24 0.025604
0.26 0.025604
0.28 0.025604
0.30 0.025604
0.32 0.025604
0.34 0.025604
0.36 0.025604
0.38 0.025604
0.40 0.025604
0.42 0.025604
0.44 0.025604
0.46 0.025604
0.48 0.025604
0.50 0.025604
0.52 0.025604
0.54 0.025604
0.56 0.025604
0.58 0.025604
0.60 0.025604
0.62 0.025604
0.64 0.025604
0.66 0.025604
0.68 0.025604
0.70 0.025604
0.72 0.025604
0.74 0.025604
0.76 0.025604
0.78 0.025604
0.80 0.025604
0.82 0.025604
0.84 0.025604
0.86 0.025604
0.88 0.025604
0.90 0.025604
0.92 0.025604
0.94 0.025604
0.96 0.025604
0.98 0.025604
1.00 0.025604
1.02 0.025604
1.04 0.025604
-1.04 0.030409
-1.02 0.030409
-1.00 0.030409
-0.98 0.030409
-0.96 0.030409
-0.94 0.030409
-0.92 0.030409
-0.90 0.030409
-0.88 0.030409
-0.86 0.030409
-0.84 0.030409
-0.82 0.030409
-0.80 0.030409
-0.78 0.030409
-0.76 0.030409
-0.74 0.030409
-0.72 0.030409
-0.70 0.030409
-0.68 0.030409
-0.66 0.030409
-0.64 0.030409
-0.62 0.030409
-0.60 0.030409
-0.58 0.030409
-0.56 0.030409
-0.54 0.030409
-0.52 0.030409
-0.50 0.030409
-0.48 0.030409
-0.46 0.030409
-0.44 0.030409
-0.42 0.030409
-0.40 0.030409
-0.38 0.030409
-0.36 0.030409
-0.34 0.030409
-0.32 0.030409
-0.30 0.030409
-0.28 0.030409
-0.26 0.030409
-0.24 0.030409
-0.22 0.030409
-0.20 0.030409
-0.18 0.030409
-0.16 0.030409
-0.14 0.030409
-0.12 0.030409
-0.10 0.030409
-0.08 0.030409
-0.06 0.030409
-0.04 0.030409
-0.02 0.030409
0.00 0.030409
0.02 0.030409
0.04 0.030409
0.06 0.030409
0.08 0.030409
0.10 0.030409
0.12 0.030409
0.14 0.030409
0.16 0.030409
0.18 0.030409
0.20 0.030409
0.22 0.030409
0.24 0.030409
0.26 0.030409
0.28 0.030409
0.30 0.030409
0.32 0.030409
0.34 0.030409
0.36 0.030409
0.38 0.030409
0.40 0.030409
0.42 0.030409
0.44 0.030409
0.46 0.030409
0.48 0.030409
0.50 0.030409
0.52 0.030409
0.54 0.030409
0.56 0.030409
0.58 0.030409
0.60 0.030409
0.62 0.030409
0.64 0.030409
0.66 0.030409
0.68 0.030409
0.70 0.030409
0.72 0.030409
0.74 0.030409
0.76 0.030409
0.78 0.030409
0.80 0.030409
0.82 0.030409
0.84 0.030409
0.86 0.030409
0.88 0.030409
0.90 0.030409
0.92 0.030409
0.94 0.030409
0.96 0.030409
0.98 0.030409
1.00 0.030409
1.02 0.030409
1.04 0.030409
-1.04 0.035697
-1.02 0.035697
-1.00 0.035697
-0.98 0.035697
-0.96 0.035697
-0.94 0.035697
-0.92 0.035697
-0.90 0.035697
-0.88 0.035697
-0.86 0.035697
-0.84 0.035697
-0.82 0.035697
-0.80 0.035697
-0.78 0.035697
-0.76 0.035697
-0.74 0.035697
-0.72 0.035697
-0.70 0.035697
-0.68 0.035697
-0.66 0.035697
-0.64 0.035697
-0.62 0.035697
-0.60 0.035697
-0.58 0.035697
-0.56 0.035697
-0.54 0.035697
-0.52 0.035697
-0.50 0.035697
-0.48 0.035697
-0.46 0.035697
-0.44 0.035697
-0.42 0.035697
-0.40 0.035697
-0.38 0.035697
-0.36 0.035697
-0.34 0.035697
-0.32 0.035697
-0.30 0.035697
-0.28 0.035697
-0.26 0.035697
-0.24 0.035697
-0.22 0.035697
-0.20 0.035697
-0.18 0.035697
-0.16 0.035697
-0.14 0.035697
-0.12 0.035697
-0.10 0.035697
-0.08 0.035697
-0.06 0.035697
-0.04 0.035697
-0.02 0.035697
0.00 0.035697
0.02 0.035697
0.04 0.035697
0.06 0.035697
0.08 0.035697
0.10 0.035697
0.12 0.035697
0.14 0.035697
0.16 0.035697
0.18 0.035697
0.20 0.035697
0.22 0.035697
0.24 0.035697
0.26 0.035697
0.28 0.035697
0.30 0.035697
0.32 0.035697
0.34 0.035697
0.36 0.035697
0.38 0.035697
0.40 0.035697
0.42 0.035697
0.44 0.035697
0.46 0.035697
0.48 0.035697
0.50 0.035697
0.52 0.035697
0.54 0.035697
0.56 0.035697
0.58 0.035697
0.60 0.035697
0.62 0.035697
0.64 0.035697
0.66 0.035697
0.68 0.035697
0.70 0.035697
0.72 0.035697
0.74 0.035697
0.76 0.035697
0.78 0.035697
0.80 0.035697
0.82 0.035697
0.84 0.035697
0.86 0.035697
0.88 0.035697
0.90 0.035697
0.92 0.035697
0.94 0.035697
0.96 0.035697
0.98 0.035697
1.00 0.035697
1.02 0.035697
1.04 0.035697
-1.04 0.041515
-1.02 0.041515
-1.00 0.041515
-0.98 0.041515
-0.96 0.041515
-0.94 0.041515
-0.92 0.041515
-0.90 0.041515
-0.88 0.041515
-0.86 0.041515
-0.84 0.041515
-0.82 0.041515
-0.80 0.041515
-0.78 0.041515
-0.76 0.041515
-0.74 0.041515
-0.72 0.041515
-0.70 0.041515
-0.68 0.041515
-0.66 0.041515
-0.64 0.041515
-0.62 0.041515
-0.60 0.041515
-0.58 0.041515
-0.56 0.041515
-0.54 0.041515
-0.52 0.041515
-0.50 0.041515
-0.48 0.041515
-0.46 0.041515
-0.44 0.041515
-0.42 0.041515
-0.40 0.041515
-0.38 0.041515
-0.36 0.041515
-0.34 0.041515
-0.32 0.041515
-0.30 0.041515
-0.28 0.041515
-0.26 0.041515
-0.24 0.041515
-0.22 0.041515
-0.20 0.041515
-0.18 0.041515
-0.16 0.041515
-0.14 0.041515
-0.12 0.041515
-0.10 0.041515
-0.08 0.041515
-0.06 0.041515
-0.04 0.041515
-0.02 0.041515
0.00 0.041515
0.02 0.041515
0.04 0.041515
0.06 0.041515
0.08 0.041515
0.10 0.041515
0.12 0.041515
0.14 0.041515
0.16 0.041515
0.18 0.041515
0.20 0.041515
0.22 0.041515
0.24 0.041515
0.26 0.041515
0.28 0.041515
0.30 0.041515
0.32 0.041515
0.34 0.041515
0.36 0.041515
0.38 0.041515
0.40 0.041515
0.42 0.041515
0.44 0.041515
0.46 0.041515
0.48 0.041515
0.50 0.041515
0.52 0.041515
0.54 0.041515
0.56 0.041515
0.58 0.041515
0.60 0.041515
0.62 0.041515
0.64 0.041515
0.66 0.041515
0.68 0.041515
0.70 0.041515
0.72 0.041515
0.74 0.041515
0.76 0.041515
0.78 0.041515
0.80 0.041515
0.82 0.041515
0.84 0.041515
0.86 0.041515
0.88 0.041515
0.90 0.041515
0.92 0.041515
0.94 0.041515
0.96 0.041515
0.98 0.041515
1.00 0.041515
1.02 0.041515
1.04 0.041515
-1.04 0.047917
-1.02 0.047917
-1.00 0.047917
-0.98 0.047917
-0.96 0.047917
-0.94 0.047917
-0.92 0.047917
-0.90 0.047917
-0.88 0.047917
-0.86 0.047917
-0.84 0.047917
-0.82 0.047917
-0.80 0.047917
-0.78 0.047917
-0.76 0.047917
-0.74 0.047917
-0.72 0.047917
-0.70 0.047917
-0.68 0.047917
-0.66 0.047917
-0.64 0.047917
-0.62 0.047917
-0.60 0.047917
-0.58 0.047917
-0.56 0.047917
-0.54 0.047917
-0.52 0.047917
-0.50 0.047917
-0.48 0.047917
-0.46 0.047917
-0.44 0.047917
-0.42 0.047917
-0.40 0.047917
-0.38 0.047917
-0.36 0.047917
-0.34 0.047917
-0.32 0.047917
-0.30 0.047917
-0.28 0.047917
-0.26 0.047917
-0.24 0.047917
-0.22 0.047917
-0.20 0.047917
-0.18 0.047917
-0.16 0.047917
-0.14 0.047917
-0.12 0.047917
-0.10 0.047917
-0.08 0.047917
-0.06 0.047917
-0.04 0.047917
-0.02 0.047917
0.00 0.047917
0.02 0.047917
0.04 0.047917
0.06 0.047917
0.08 0.047917
0.10 0.047917
0.12 0.047917
0.14 0.047917
0.16 0.047917
0.18 0.047917
0.20 0.047917
0.22 0.047917
0.24 0.047917
0.26 0.047917
0.28 0.047917
0.30 0.047917
0.32 0.047917
0.34 0.047917
0.36 0.047917
0.38 0.047917
0.40 0.047917
0.42 0.047917
0.44 0.047917
0.46 0.047917
0.48 0.047917
0.50 0.047917
0.52 0.047917
0.54 0.047917
0.56 0.047917
0.58 0.047917
0.60 0.047917
0.62 0.047917
0.64 0.047917
0.66 0.047917
0.68 0.047917
0.70 0.047917
0.72 0.047917
0.74 0.047917
0.76 0.047917
0.78 0.047917
0.80 0.047917
0.82 0.047917
0.84 0.047917
0.86 0.047917
0.88 0.047917
0.90 0.047917
0.92 0.047917
0.94 0.047917
0.96 0.047917
0.98 0.047917
1.00 0.047917
1.02 0.047917
1.04 0.047917
-1.04 0.054962
-1.02 0.054962
-1.00 0.054962
-0.98 0.054962
-0.96 0.054962
-0.94 0.054962
-0.92 0.054962
-0.90 0.054962
-0.88 0.054962
-0.86 0.054962
-0.84 0.054962
-0.82 0.054962
-0.80 0.054962
-0.78 0.054962
-0.76 0.054962
-0.74 0.054962
-0.72 0.054962
-0.70 0.054962
-0.68 0.054962
-0.66 0.054962
-0.64 0.054962
-0.62 0.054962
-0.60 0.054962
-0.58 0.054962
-0.56 0.054962
-0.54 0.054962
-0.52 0.054962
-0.50 0.054962
-0.48 0.054962
-0.46 0.054962
-0.44 0.054962
-0.42 0.054962
-0.40 0.054962
-0.38 0.054962
-0.36 0.054962
-0.34 0.054962
-0.32 0.054962
-0.30 0.054962
-0.28 0.054962
-0.26 0.054962
-0.24 0.054962
-0.22 0.054962
-0.20 0.054962
-0.18 0.054962
-0.16 0.054962
-0.14 0.054962
-0.12 0.054962
-0.10 0.054962
-0.08 0.054962
-0.06 0.054962
-0.04 0.054962
-0.02 0.054962
0.00 0.054962
0.02 0.054962
0.04 0.054962
0.06 0.054962
0.08 0.054962
0.10 0.054962
0.12 0.054962
0.14 0.054962
0.16 0.054962
0.18 0.054962
0.20 0.054962
0.22 0.054962
0.24 0.054962
0.26 0.054962
0.28 0.054962
0.30 0.054962
0.32 0.054962
0.34 0.054962
0.36 0.054962
0.38 0.054962
0.40 0.054962
0.42 0.054962
0.44 0.054962
0.46 0.054962
0.48 0.054962
0.50 0.054962
0.52 0.054962
0.54 0.054962
0.56 0.054962
0.58 0.054962
0.60 0.054962
0.62 0.054962
0.64 0.054962
0.66 0.054962
0.68 0.054962
0.70 0.054962
0.72 0.054962
0.74 0.054962
0.76 0.054962
0.78 0.054962
0.80 0.054962
0.82 0.054962
0.84 0.054962
0.86 0.054962
0.88 0.054962
0.90 0.054962
0.92 0.054962
0.94 0.054962
0.96 0.054962
0.98 0.054962
1.00 0.054962
1.02 0.054962
1.04 0.054962
-1.04 0.062714
-1.02 0.062714
-1.00 0.062714
-0.98 0.062714
-0.96 0.062714
-0.94 0.062714
-0.92 0.062714
-0.90 0.062714
-0.88 0.062714
-0.86 0.062714
-0.84 0.062714
-0.82 0.062714
-0.80 0.062714
-0.78 0.062714
-0.76 0.062714
-0.74 0.062714
-0.72 0.062714
-0.70 0.062714
-0.68 0.062714
-0.66 0.062714
-0.64 0.062714
-0.62 0.062714
-0.60 0.062714
-0.58 0.062714
-0.56 0.062714
-0.54 0.062714
-0.52 0.062714
-0.50 0.062714
-0.48 0.062714
-0.46 0.062714
-0.44 0.062714
-0.42 0.062714
-0.40 0.062714
-0.38 0.062714
-0.36 0.062714
-0.34 0.062714
-0.32 0.062714
-0.30 0.062714
-0.28 0.062714
-0.26 0.062714
-0.24 0.062714
-0.22 0.062714
-0.20 0.062714
-0.18 0.062714
-0.16 0.062714
-0.14 0.062714
-0.12 0.062714
-0.10 0.062714
-0.08 0.062714
-0.06 0.062714
-0.04 0.062714
-0.02 0.062714
0.00 0.062714
0.02 0.062714
0.04 0.062714
0.06 0.062714
0.08 0.062714
0.10 0.062714
0.12 0.062714
0.14 0.062714
0.16 0.062714
0.18 0.062714
0.20 0.062714
0.22 0.062714
0.24 0.062714
0.26 0.062714
0.28 0.062714
0.30 0.062714
0.32 0.062714
0.34 0.062714
0.36 0.062714
0.38 0.062714
0.40 0.062714
0.42 0.062714
0.44 0.062714
0.46 0.062714
0.48 0.062714
0.50 0.062714
0.52 0.062714
0.54 0.062714
0.56 0.062714
0.58 0.062714
0.60 0.062714
0.62 0.062714
0.64 0.062714
0.66 0.062714
0.68 0.062714
0.70 0.062714
0.72 0.062714
0.74 0.062714
0.76 0.062714
0.78 0.062714
0.80 0.062714
0.82 0.062714
0.84 0.062714
0.86 0.062714
0.88 0.062714
0.90 0.062714
0.92 0.062714
0.94 0.062714
0.96 0.062714
0.98 0.062714
1.00 0.062714
1.02 0.062714
1.04 0.062714
-1.04 0.071243
-1.02 0.071243
-1.00 0.071243
-0.98 0.071243
-0.96 0.071243
-0.94 0.071243
-0.92 0.071243
-0.90 0.071243
-0.88 0.071243
-0.86 0.071243
-0.84 0.071243
-0.82 0.071243
-0.80 0.071243
-0.78 0.071243
-0.76 0.071243
-0.74 0.071243
-0.72 0.071243
-0.70 0.071243
-0.68 0.071243
-0.66 0.071243
-0.64 0.071243
-0.62 0.071243
-0.60 0.071243
-0.58 0.071243
-0.56 0.071243
-0.54 0.071243
-0.52 0.071243
-0.50 0.071243
-0.48 0.071243
-0.46 0.071243
-0.44 0.071243
-0.42 0.071243
-0.40 0.071243
-0.38 0.071243
-0.36 0.071243
-0.34 0.071243
-0.32 0.071243
-0.30 0.071243
-0.28 0.071243
-0.26 0.071243
-0.24 0.071243
-0.22 0.071243
-0.20 0.071243
-0.18 0.071243
-0.16 0.071243
-0.14 0.071243
-0.12 0.071243
-0.10 0.071243
-0.08 0.071243
-0.06 0.071243
-0.04 0.071243
-0.02 0.071243
0.00 0.071243
0.02 0.071243
0.04 0.071243
0.06 0.071243
0.08 0.071243
0.10 0.071243
0.12 0.071243
0.14 0.071243
0.16 0.071243
0.18 0.071243
0.20 0.071243
0.22 0.071243
0.24 0.071243
0.26 0.071243
0.28 0.071243
0.30 0.071243
0.32 0.071243
0.34 0.071243
0.36 0.071243
0.38 0.071243
0.40 0.071243
0.42 0.071243
0.44 0.071243
0.46 0.071243
0.48 0.071243
0.50 0.071243
0.52 0.071243
0.54 0.071243
0.56 0.071243
0.58 0.071243
0.60 0.071243
0.62 0.071243
0.64 0.071243
0.66 0.071243
0.68 0.071243
0.70 0.071243
0.72 0.071243
0.74 0.071243
0.76 0.071243
0.78 0.071243
0.80 0.071243
0.82 0.071243
0.84 0.071243
0.86 0.071243
0.88 0.071243
0.90 0.071243
0.92 0.071243
0.94 0.071243
0.96 0.071243
0.98 0.071243
1.00 0.071243
1.02 0.071243
1.04 0.071243
-1.04 0.080628
-1.02 0.080628
-1.00 0.080628
-0.98 0.080628
-0.96 0.080628
-0.94 0.080628
-0.92 0.080628
-0.90 0.080628
-0.88 0.080628
-0.86 0.080628
-0.84 0.080628
-0.82 0.080628
-0.80 0.080628
-0.78 0.080628
-0.76 0.080628
-0.74 0.080628
-0.72 0.080628
-0.70 0.080628
-0.68 0.080628
-0.66 0.080628
-0.64 0.080628
-0.62 0.080628
-0.60 0.080628
-0.58 0.080628
-0.56 0.080628
-0.54 0.080628
-0.52 0.080628
-0.50 0.080628
-0.48 0.080628
-0.46 0.080628
-0.44 0.080628
-0.42 0.080628
-0.40 0.080628
-0.38 0.080628
-0.36 0.080628
-0.34 0.080628
-0.32 0.080628
-0.30 0.080628
-0.28 0.080628
-0.26 0.080628
-0.24 0.080628
-0.22 0.080628
-0.20 0.080628
-0.18 0.080628
-0.16 0.080628
-0.14 0.080628
-0.12 0.080628
-0.10 0.080628
-0.08 0.080628
-0.06 0.080628
-0.04 0.080628
-0.02 0.080628
0.00 0.080628
0.02 0.080628
0.04 0.080628
0.06 0.080628
0.08 0.080628
0.10 0.080628
0.12 0.080628
0.14 0.080628
0.16 0.080628
0.18 0.080628
0.20 0.080628
0.22 0.080628
0.24 0.080628
0.26 0.080628
0.28 0.080628
0.30 0.080628
0.32 0.080628
0.34 0.080628
0.36 0.080628
0.38 0.080628
0.40 0.080628
0.42 0.080628
0.44 0.080628
0.46 0.080628
0.48 0.080628
0.50 0.080628
0.52 0.080628
0.54 0.080628
0.56 0.080628
0.58 0.080628
0.60 0.080628
0.62 0.080628
0.64 0.080628
0.66 0.080628
0.68 0.080628
0.70 0.080628
0.72 0.080628
0.74 0.080628
0.76 0.080628
0.78 0.080628
0.80 0.080628
0.82 0.080628
0.84 0.080628
0.86 0.080628
0.88 0.080628
0.90 0.080628
0.92 0.080628
0.94 0.080628
0.96 0.080628
0.98 0.080628
1.00 0.080628
1.02 0.080628
1.04 0.080628
-1.04 0.090955
-1.02 0.090955
-1.00 0.090955
-0.98 0.090955
-0.96 0.090955
-0.94 0.090955
-0.92 0.090955
-0.90 0.090955
-0.88 0.090955
-0.86 0.090955
-0.84 0.090955
-0.82 0.090955
-0.80 0.090955
-0.78 0.090955
-0.76 0.090955
-0.74 0.090955
-0.72 0.090955
-0.70 0.090955
-0.68 0.090955
-0.66 0.090955
-0.64 0.090955
-0.62 0.090955
-0.60 0.090955
-0.58 0.090955
-0.56 0.090955
-0.54 0.090955
-0.52 0.090955
-0.50 0.090955
-0.48 0.090955
-0.46 0.090955
-0.44 0.090955
-0.42 0.090955
-0.40 0.090955
-0.38 0.090955
-0.36 0.090955
-0.34 0.090955
-0.32 0.090955
-0.30 0.090955
-0.28 0.090955
-0.26 0.090955
-0.24 0.090955
-0.22 0.090955
-0.20 0.090955
-0.18 0.090955
-0.16 0.090955
-0.14 0.090955
-0.12 0.090955
-0.10 0.090955
-0.08 0.090955
-0.06 0.090955
-0.04 0.090955
-0.02 0.090955
0.00 0.090955
0.02 0.090955
0.04 0.090955
0.06 0.090955
0.08 0.090955
0.10 0.090955
0.12 0.090955
0.14 0.090955
0.16 0.090955
0.18 0.090955
0.20 0.090955
0.22 0.090955
0.24 0.090955
0.26 0.090955
0.28 0.090955
0.30 0.090955
0.32 0.090955
0.34 0.090955
0.36 0.090955
0.38 0.090955
0.40 0.090955
0.42 0.090955
0.44 0.090955
0.46 0.090955
0.48 0.090955
0.50 0.090955
0.52 0.090955
0.54 0.090955
0.56 0.090955
0.58 0.090955
0.60 0.090955
0.62 0.090955
0.64 0.090955
0.66 0.090955
0.68 0.090955
0.70 0.090955
0.72 0.090955
0.74 0.090955
0.76 0.090955
0.78 0.090955
0.80 0.090955
0.82 0.090955
0.84 0.090955
0.86 0.090955
0.88 0.090955
0.90 0.090955
0.92 0.090955
0.94 0.090955
0.96 0.090955
0.98 0.090955
1.00 0.090955
1.02 0.090955
1.04 0.090955
-1.04 0.102319
-1.02 0.102319
-1.00 0.102319
-0.98 0.102319
-0.96 0.102319
-0.94 0.102319
-0.92 0.102319
-0.90 0.102319
-0.88 0.102319
-0.86 0.102319
-0.84 0.102319
-0.82 0.102319
-0.80 0.102319
-0.78 0.102319
-0.76 0.102319
-0.74 0.102319
-0.72 0.102319
-0.70 0.102319
-0.68 0.102319
-0.66 0.102319
-0.64 0.102319
-0.62 0.102319
-0.60 0.102319
-0.58 0.102319
-0.56 0.102319
-0.54 0.102319
-0.52 0.102319
-0.50 0.102319
-0.48 0.102319
-0.46 0.102319
-0.44 0.102319
-0.42 0.102319
-0.40 0.102319
-0.38 0.102319
-0.36 0.102319
-0.34 0.102319
-0.32 0.102319
-0.30 0.102319
-0.28 0.102319
-0.26 0.102319
-0.24 0.102319
-0.22 0.102319
-0.20 0.102319
-0.18 0.102319
-0.16 0.102319
-0.14 0.102319
-0.12 0.102319
-0.10 0.102319
-0.08 0.102319
-0.06 0.102319
-0.04 0.102319
-0.02 0.102319
0.00 0.102319
0.02 0.102319
0.04 0.102319
0.06 0.102319
0.08 0.102319
0.10 0.102319
0.12 0.102319
0.14 0.102319
0.16 0.102319
0.18 0.102319
0.20 0.102319
0.22 0.102319
0.24 0.102319
0.26 0.102319
0.28 0.102319
0.30 0.102319
0.32 0.102319
0.34 0.102319
0.36 0.102319
0.38 0.102319
0.40 0.102319
0.42 0.102319
0.44 0.102319
0.46 0.102319
0.48 0.102319
0.50 0.102319
0.52 0.102319
0.54 0.102319
0.56 0.102319
0.58 0.102319
0.60 0.102319
0.62 0.102319
0.64 0.102319
0.66 0.102319
0.68 0.102319
0.70 0.102319
0.72 0.102319
0.74 0.102319
0.76 0.102319
0.78 0.102319
0.80 0.102319
0.82 0.102319
0.84 0.102319
0.86 0.102319
0.88 0.102319
0.90 0.102319
0.92 0.102319
0.94 0.102319
0.96 0.102319
0.98 0.102319
1.00 0.102319
1.02 0.102319
1.04 0.102319
-1.04 0.114822
-1.02 0.114822
-1.00 0.114822
-0.98 0.114822
-0.96 0.114822
-0.94 0.114822
-0.92 0.114822
-0.90 0.114822
-0.88 0.114822
-0.86 0.114822
-0.84 0.114822
-0.82 0.114822
-0.80 0.114822
-0.78 0.114822
-0.76 0.114822
-0.74 0.114822
-0.72 0.114822
-0.70 0.114822
-0.68 0.114822
-0.66 0.114822
-0.64 0.114822
-0.62 0.114822
-0.60 0.114822
-0.58 0.114822
-0.56 0.114822
-0.54 0.114822
-0.52 0.114822
-0.50 0.114822
-0.48 0.114822
-0.46 0.114822
-0.44 0.114822
-0.42 0.114822
-0.40 0.114822
-0.38 0.114822
-0.36 0.114822
-0.34 0.114822
-0.32 0.114822
-0.30 0.114822
-0.28 0.114822
-0.26 0.114822
-0.24 0.114822
-0.22 0.114822
-0.20 0.114822
-0.18 0.114822
-0.16 0.114822
-0.14 0.114822
-0.12 0.114822
-0.10 0.114822
-0.08 0.114822
-0.06 0.114822
-0.04 0.114822
-0.02 0.114822
0.00 0.114822
0.02 0.114822
0.04 0.114822
0.06 0.114822
0.08 0.114822
0.10 0.114822
0.12 0.114822
0.14 0.114822
0.16 0.114822
0.18 0.114822
0.20 0.114822
0.22 0.114822
0.24 0.114822
0.26 0.114822
0.28 0.114822
0.30 0.114822
0.32 0.114822
0.34 0.114822
0.36 0.114822
0.38 0.114822
0.40 0.114822
0.42 0.114822
0.44 0.114822
0.46 0.114822
0.48 0.114822
0.50 0.114822
0.52 0.114822
0.54 0.114822
0.56 0.114822
0.58 0.114822
0.60 0.114822
0.62 0.114822
0.64 0.114822
0.66 0.114822
0.68 0.114822
0.70 0.114822
0.72 0.114822
0.74 0.114822
0.76 0.114822
0.78 0.114822
0.80 0.114822
0.82 0.114822
0.84 0.114822
0.86 0.114822
0.88 0.114822
0.90 0.114822
0.92 0.114822
0.94 0.114822
0.96 0.114822
0.98 0.114822
1.00 0.114822
1.02 0.114822
1.04 0.114822
-1.04 0.128581
-1.02 0.128581
-1.00 0.128581
-0.98 0.128581
-0.96 0.128581
-0.94 0.128581
-0.92 0.128581
-0.90 0.128581
-0.88 0.128581
-0.86 0.128581
-0.84 0.128581
-0.82 0.128581
-0.80 0.128581
-0.78 0.128581
-0.76 0.128581
-0.74 0.128581
-0.72 0.128581
-0.70 0.128581
-0.68 0.128581
-0.66 0.128581
-0.64 0.128581
-0.62 0.128581
-0.60 0.128581
-0.58 0.128581
-0.56 0.128581
-0.54 0.128581
-0.52 0.128581
-0.50 0.128581
-0.48 0.128581
-0.46 0.128581
-0.44 0.128581
-0.42 0.128581
-0.40 0.128581
-0.38 0.128581
-0.36 0.128581
-0.34 0.128581
-0.32 0.128581
-0.30 0.128581
-0.28 0.128581
-0.26 0.128581
-0.24 0.128581
-0.22 0.128581
-0.20 0.128581
-0.18 0.128581
-0.16 0.128581
-0.14 0.128581
-0.12 0.128581
-0.10 0.128581
-0.08 0.128581
-0.06 0.128581
-0.04 0.128581
-0.02 0.128581
0.00 0.128581
0.02 0.128581
0.04 0.128581
0.06 0.128581
0.08 0.128581
0.10 0.128581
0.12 0.128581
0.14 0.128581
0.16 0.128581
0.18 0.128581
0.20 0.128581
0.22 0.128581
0.24 0.128581
0.26 0.128581
0.28 0.128581
0.30 0.128581
0.32 0.128581
0.34 0.128581
0.36 0.128581
0.38 0.128581
0.40 0.128581
0.42 0.128581
0.44 0.128581
0.46 0.128581
0.48 0.128581
0.50 0.128581
0.52 0.128581
0.54 0.128581
0.56 0.128581
0.58 0.128581
0.60 0.128581
0.62 0.128581
0.64 0.128581
0.66 0.128581
0.68 0.128581
0.70 0.128581
0.72 0.128581
0.74 0.128581
0.76 0.128581
0.78 0.128581
0.80 0.128581
0.82 0.128581
0.84 0.128581
0.86 0.128581
0.88 0.128581
0.90 0.128581
0.92 0.128581
0.94 0.128581
0.96 0.128581
0.98 0.128581
1.00 0.128581
1.02 0.128581
1.04 0.128581
-1.04 0.143720
-1.02 0.143720
-1.00 0.143720
-0.98 0.143720
-0.96 0.143720
-0.94 0.143720
-0.92 0.143720
-0.90 0.143720
-0.88 0.143720
-0.86 0.143720
-0.84 0.143720
-0.82 0.143720
-0.80 0.143720
-0.78 0.143720
-0.76 0.143720
-0.74 0.143720
-0.72 0.143720
-0.70 0.143720
-0.68 0.143720
-0.66 0.143720
-0.64 0.143720
-0.62 0.143720
-0.60 0.143720
-0.58 0.143720
-0.56 0.143720
-0.54 0.143720
-0.52 0.143720
-0.50 0.143720
-0.48 0.143720
-0.46 0.143720
-0.44 0.143720
-0.42 0.143720
-0.40 0.143720
-0.38 0.143720
-0.36 0.143720
-0.34 0.143720
-0.32 0.143720
-0.30 0.143720
-0.28 0.143720
-0.26 0.143720
-0.24 0.143720
-0.22 0.143720
-0.20 0.143720
-0.18 0.143720
-0.16 0.143720
-0.14 0.143720
-0.12 0.143720
-0.10 0.143720
-0.08 0.143720
-0.06 0.143720
-0.04 0.143720
-0.02 0.143720
0.00 0.143720
0.02 0.143720
0.04 0.143720
0.06 0.143720
0.08 0.143720
0.10 0.143720
0.12 0.143720
0.14 0.143720
0.16 0.143720
0.18 0.143720
0.20 0.143720
0.22 0.143720
0.24 0.143720
0.26 0.143720
0.28 0.143720
0.30 0.143720
0.32 0.143720
0.34 0.143720
0.36 0.143720
0.38 0.143720
0.40 0.143720
0.42 0.143720
0.44 0.143720
0.46 0.143720
0.48 0.143720
0.50 0.143720
0.52 0.143720
0.54 0.143720
0.56 0.143720
0.58 0.143720
0.60 0.143720
0.62 0.143720
0.64 0.143720
0.66 0.143720
0.68 0.143720
0.70 0.143720
0.72 0.143720
0.74 0.143720
0.76 0.143720
0.78 0.143720
0.80 0.143720
0.82 0.143720
0.84 0.143720
0.86 0.143720
0.88 0.143720
0.90 0.143720
0.92 0.143720
0.94 0.143720
0.96 0.143720
0.98 0.143720
1.00 0.143720
1.02 0.143720
1.04 0.143720
-1.04 0.160378
-1.02 0.160378
-1.00 0.160378
-0.98 0.160378
-0.96 0.160378
-0.94 0.160378
-0.92 0.160378
-0.90 0.160378
-0.88 0.160378
-0.86 0.160378
-0.84 0.160378
-0.82 0.160378
-0.80 0.160378
-0.78 0.160378
-0.76 0.160378
-0.74 0.160378
-0.72 0.160378
-0.70 0.160378
-0.68 0.160378
-0.66 0.160378
-0.64 0.160378
-0.62 0.160378
-0.60 0.160378
-0.58 0.160378
-0.56 0.160378
-0.54 0.160378
-0.52 0.160378
-0.50 0.160378
-0.48 0.160378
-0.46 0.160378
-0.44 0.160378
-0.42 0.160378
-0.40 0.160378
-0.38 0.160378
-0.36 0.160378
-0.34 0.160378
-0.32 0.160378
-0.30 0.160378
-0.28 0.160378
-0.26 0.160378
-0.24 0.160378
-0.22 0.160378
-0.20 0.160378
-0.18 0.160378
-0.16 0.160378
-0.14 0.160378
-0.12 0.160378
-0.10 0.160378
-0.08 0.160378
-0.06 0.160378
-0.04 0.160378
-0.02 0.160378
0.00 0.160378
0.02 0.160378
0.04 0.160378
0.06 0.160378
0.08 0.160378
0.10 0.160378
0.12 0.160378
0.14 0.160378
0.16 0.160378
0.18 0.160378
0.20 0.160378
0.22 0.160378
0.24 0.160378
0.26 0.160378
0.28 0.160378
0.30 0.160378
0.32 0.160378
0.34 0.160378
0.36 0.160378
0.38 0.160378
0.40 0.160378
0.42 0.160378
0.44 0.160378
0.46 0.160378
0.48 0.160378
0.50 0.160378
0.52 0.160378
0.54 0.160378
0.56 0.160378
0.58 0.160378
0.60 0.160378
0.62 0.160378
0.64 0.160378
0.66 0.160378
0.68 0.160378
0.70 0.160378
0.72 0.160378
0.74 0.160378
0.76 0.160378
0.78 0.160378
0.80 0.160378
0.82 0.160378
0.84 0.160378
0.86 0.160378
0.88 0.160378
0.90 0.160378
0.92 0.160378
0.94 0.160378
0.96 0.160378
0.98 0.160378
1.00 0.160378
1.02 0.160378
1.04 0.160378
-1.04 0.178709
-1.02 0.178709
-1.00 0.178709
-0.98 0.178709
-0.96 0.178709
-0.94 0.178709
-0.92 0.178709
-0.90 0.178709
-0.88 0.178709
-0.86 0.178709
-0.84 0.178709
-0.82 0.178709
-0.80 0.178709
-0.78 0.178709
-0.76 0.178709
-0.74 0.178709
-0.72 0.178709
-0.70 0.178709
-0.68 0.178709
-0.66 0.178709
-0.64 0.178709
-0.62 0.178709
-0.60 0.178709
-0.58 0.178709
-0.56 0.178709
-0.54 0.178709
-0.52 0.178709
-0.50 0.178709
-0.48 0.178709
-0.46 0.178709
-0.44 0.178709
-0.42 0.178709
-0.40 0.178709
-0.38 0.178709
-0.36 0.178709
-0.34 0.178709
-0.32 0.178709
-0.30 0.178709
-0.28 0.178709
-0.26 0.178709
-0.24 0.178709
-0.22 0.178709
-0.20 0.178709
-0.18 0.178709
-0.16 0.178709
-0.14 0.178709
-0.12 0.178709
-0.10 0.178709
-0.08 0.178709
-0.06 0.178709
-0.04 0.178709
-0.02 0.178709
0.00 0.178709
0.02 0.178709
0.04 0.178709
0.06 0.178709
0.08 0.178709
0.10 0.178709
0.12 0.178709
0.14 0.178709
0.16 0.178709
0.18 0.178709
0.20 0.178709
0.22 0.178709
0.24 0.178709
0.26 0.178709
0.28 0.178709
0.30 0.178709
0.32 0.178709
0.34 0.178709
0.36 0.178709
0.38 0.178709
0.40 0.178709
0.42 0.178709
0.44 0.178709
0.46 0.178709
0.48 0.178709
0.50 0.178709
0.52 0.178709
0.54 0.178709
0.56 0.178709
0.58 0.178709
0.60 0.178709
0.62 0.178709
0.64 0.178709
0.66 0.178709
0.68 0.178709
0.70 0.178709
0.72 0.178709
0.74 0.178709
0.76 0.178709
0.78 0.178709
0.80 0.178709
0.82 0.178709
0.84 0.178709
0.86 0.178709
0.88 0.178709
0.90 0.178709
0.92 0.178709
0.94 0.178709
0.96 0.178709
0.98 0.178709
1.00 0.178709
1.02 0.178709
1.04 0.178709
-1.04 0.198878
-1.02 0.198878
-1.00 0.198878
-0.98 0.198878
-0.96 0.198878
-0.94 0.198878
-0.92 0.198878
-0.90 0.198878
-0.88 0.198878
-0.86 0.198878
-0.84 0.198878
-0.82 0.198878
-0.80 0.198878
-0.78 0.198878
-0.76 0.198878
-0.74 0.198878
-0.72 0.198878
-0.70 0.198878
-0.68 0.198878
-0.66 0.198878
-0.64 0.198878
-0.62 0.198878
-0.60 0.198878
-0.58 0.198878
-0.56 0.198878
-0.54 0.198878
-0.52 0.198878
-0.50 0.198878
-0.48 0.198878
-0.46 0.198878
-0.44 0.198878
-0.42 0.198878
-0.40 0.198878
-0.38 0.198878
-0.36 0.198878
-0.34 0.198878
-0.32 0.198878
-0.30 0.198878
-0.28 0.198878
-0.26 0.198878
-0.24 0.198878
-0.22 0.198878
-0.20 0.198878
-0.18 0.198878
-0.16 0.198878
-0.14 0.198878
-0.12 0.198878
-0.10 0.198878
-0.08 0.198878
-0.06 0.198878
-0.04 0.198878
-0.02 0.198878
0.00 0.198878
0.02 0.198878
0.04 0.198878
0.06 0.198878
0.08 0.198878
0.10 0.198878
0.12 0.198878
0.14 0.198878
0.16 0.198878
0.18 0.198878
0.20 0.198878
0.22 0.198878
0.24 0.198878
0.26 0.198878
0.28 0.198878
0.30 0.198878
0.32 0.198878
0.34 0.198878
0.36 0.198878
0.38 0.198878
0.40 0.198878
0.42 0.198878
0.44 0.198878
0.46 0.198878
0.48 0.198878
0.50 0.198878
0.52 0.198878
0.54 0.198878
0.56 0.198878
0.58 0.198878
0.60 0.198878
0.62 0.198878
0.64 0.198878
0.66 0.198878
0.68 0.198878
0.70 0.198878
0.72 0.198878
0.74 0.198878
0.76 0.198878
0.78 0.198878
0.80 0.198878
0.82 0.198878
0.84 0.198878
0.86 0.198878
0.88 0.198878
0.90 0.198878
0.92 0.198878
0.94 0.198878
0.96 0.198878
0.98 0.198878
1.00 0.198878
1.02 0.198878
1.04 0.198878
-1.04 0.221071
-1.02 0.221071
-1.00 0.221071
-0.98 0.221071
-0.96 0.221071
-0.94 0.221071
-0.92 0.221071
-0.90 0.221071
-0.88 0.221071
-0.86 0.221071
-0.84 0.221071
-0.82 0.221071
-0.80 0.221071
-0.78 0.221071
-0.76 0.221071
-0.74 0.221071
-0.72 0.221071
-0.70 0.221071
-0.68 0.221071
-0.66 0.221071
-0.64 0.221071
-0.62 0.221071
-0.60 0.221071
-0.58 0.221071
-0.56 0.221071
-0.54 0.221071
-0.52 0.221071
-0.50 0.221071
-0.48 0.221071
-0.46 0.221071
-0.44 0.221071
-0.42 0.221071
-0.40 0.221071
-0.38 0.221071
-0.36 0.221071
-0.34 0.221071
-0.32 0.221071
-0.30 0.221071
-0.28 0.221071
-0.26 0.221071
-0.24 0.221071
-0.22 0.221071
-0.20 0.221071
-0.18 0.221071
-0.16 0.221071
-0.14 0.221071
-0.12 0.221071
-0.10 0.221071
-0.08 0.221071
-0.06 0.221071
-0.04 0.221071
-0.02 0.221071
0.00 0.221071
0.02 0.221071
0.04 0.221071
0.06 0.221071
0.08 0.221071
0.10 0.221071
0.12 0.221071
0.14 0.221071
0.16 0.221071
0.18 0.221071
0.20 0.221071
0.22 0.221071
0.24 0.221071
0.26 0.221071
0.28 0.221071
0.30 0.221071
0.32 0.221071
0.34 0.221071
0.36 0.221071
0.38 0.221071
0.40 0.221071
0.42 0.221071
0.44 0.221071
0.46 0.221071
0.48 0.221071
0.50 0.221071
0.52 0.221071
0.54 0.221071
0.56 0.221071
0.58 0.221071
0.60 0.221071
0.62 0.221071
0.64 0.221071
0.66 0.221071
0.68 0.221071
0.70 0.221071
0.72 0.221071
0.74 0.221071
0.76 0.221071
0.78 0.221071
0.80 0.221071
0.82 0.221071
0.84 0.221071
0.86 0.221071
0.88 0.221071
0.90 0.221071
0.92 0.221071
0.94 0.221071
0.96 0.221071
0.98 0.221071
1.00 0.221071
1.02 0.221071
1.04 0.221071
-1.04 0.245492
-1.02 0.245492
-1.00 0.245492
-0.98 0.245492
-0.96 0.245492
-0.94 0.245492
-0.92 0.245492
-0.90 0.245492
-0.88 0.245492
-0.86 0.245492
-0.84 0.245492
-0.82 0.245492
-0.80 0.245492
-0.78 0.245492
-0.76 0.245492
-0.74 0.245492
-0.72 0.245492
-0.70 0.245492
-0.68 0.245492
-0.66 0.245492
-0.64 0.245492
-0.62 0.245492
-0.60 0.245492
-0.58 0.245492
-0.56 0.245492
-0.54 0.245492
-0.52 0.245492
-0.50 0.245492
-0.48 0.245492
-0.46 0.245492
-0.44 0.245492
-0.42 0.245492
-0.40 0.245492
-0.38 0.245492
-0.36 0.245492
-0.34 0.245492
-0.32 0.245492
-0.30 0.245492
-0.28 0.245492
-0.26 0.245492
-0.24 0.245492
-0.22 0.245492
-0.20 0.245492
-0.18 0.245492
-0.16 0.245492
-0.14 0.245492
-0.12 0.245492
-0.10 0.245492
-0.08 0.245492
-0.06 0.245492
-0.04 0.245492
-0.02 0.245492
0.00 0.245492
0.02 0.245492
0.04 0.245492
0.06 0.245492
0.08 0.245492
0.10 0.245492
0.12 0.245492
0.14 0.245492
0.16 0.245492
0.18 0.245492
0.20 0.245492
0.22 0.245492
0.24 0.245492
0.26 0.245492
0.28 0.245492
0.30 0.245492
0.32 0.245492
0.34 0.245492
0.36 0.245492
0.38 0.245492
0.40 0.245492
0.42 0.245492
0.44 0.245492
0.46 0.245492
0.48 0.245492
0.50 0.245492
0.52 0.245492
0.54 0.245492
0.56 0.245492
0.58 0.245492
0.60 0.245492
0.62 0.245492
0.64 0.245492
0.66 0.245492
0.68 0.245492
0.70 0.245492
0.72 0.245492
0.74 0.245492
0.76 0.245492
0.78 0.245492
0.80 0.245492
0.82 0.245492
0.84 0.245492
0.86 0.245492
0.88 0.245492
0.90 0.245492
0.92 0.245492
0.94 0.245492
0.96 0.245492
0.98 0.245492
1.00 0.245492
1.02 0.245492
1.04 0.245492
-1.04 0.272363
-1.02 0.272363
-1.00 0.272363
-0.98 0.272363
-0.96 0.272363
-0.94 0.272363
-0.92 0.272363
-0.90 0.272363
-0.88 0.272363
-0.86 0.272363
-0.84 0.272363
-0.82 0.272363
-0.80 0.272363
-0.78 0.272363
-0.76 0.272363
-0.74 0.272363
-0.72 0.272363
-0.70 0.272363
-0.68 0.272363
-0.66 0.272363
-0.64 0.272363
-0.62 0.272363
-0.60 0.272363
-0.58 0.272363
-0.56 0.272363
-0.54 0.272363
-0.52 0.272363
-0.50 0.272363
-0.48 0.272363
-0.46 0.272363
-0.44 0.272363
-0.42 0.272363
-0.40 0.272363
-0.38 0.272363
-0.36 0.272363
-0.34 0.272363
-0.32 0.272363
-0.30 0.272363
-0.28 0.272363
-0.26 0.272363
-0.24 0.272363
-0.22 0.272363
-0.20 0.272363
-0.18 0.272363
-0.16 0.272363
-0.14 0.272363
-0.12 0.272363
-0.10 0.272363
-0.08 0.272363
-0.06 0.272363
-0.04 0.272363
-0.02 0.272363
0.00 0.272363
0.02 0.272363
0.04 0.272363
0.06 0.272363
0.08 0.272363
0.10 0.272363
0.12 0.272363
0.14 0.272363
0.16 0.272363
0.18 0.272363
0.20 0.272363
0.22 0.272363
0.24 0.272363
0.26 0.272363
0.28 0.272363
0.30 0.272363
0.32 0.272363
0.34 0.272363
0.36 0.272363
0.38 0.272363
0.40 0.272363
0.42 0.272363
0.44 0.272363
0.46 0.272363
0.48 0.272363
0.50 0.272363
0.52 0.272363
0.54 0.272363
0.56 0.272363
0.58 0.272363
0.60 0.272363
0.62 0.272363
0.64 0.272363
0.66 0.272363
0.68 0.272363
0.70 0.272363
0.72 0.272363
0.74 0.272363
0.76 0.272363
0.78 0.272363
0.80 0.272363
0.82 0.272363
0.84 0.272363
0.86 0.272363
0.88 0.272363
0.90 0.272363
0.92 0.272363
0.94 0.272363
0.96 0.272363
0.98 0.272363
1.00 0.272363
1.02 0.272363
1.04 0.272363
-1.04 0.301931
-1.02 0.301931
-1.00 0.301931
-0.98 0.301931
-0.96 0.301931
-0.94 0.301931
-0.92 0.301931
-0.90 0.301931
-0.88 0.301931
-0.86 0.301931
-0.84 0.301931
-0.82 0.301931
-0.80 0.301931
-0.78 0.301931
-0.76 0.301931
-0.74 0.301931
-0.72 0.301931
-0.70 0.301931
-0.68 0.301931
-0.66 0.301931
-0.64 0.301931
-0.62 0.301931
-0.60 0.301931
-0.58 0.301931
-0.56 0.301931
-0.54 0.301931
-0.52 0.301931
-0.50 0.301931
-0.48 0.301931
-0.46 0.301931
-0.44 0.301931
-0.42 0.301931
-0.40 0.301931
-0.38 0.301931
-0.36 0.301931
-0.34 0.301931
-0.32 0.301931
-0.30 0.301931
-0.28 0.301931
-0.26 0.301931
-0.24 0.301931
-0.22 0.301931
-0.20 0.301931
-0.18 0.301931
-0.16 0.301931
-0.14 0.301931
-0.12 0.301931
-0.10 0.301931
-0.08 0.301931
-0.06 0.301931
-0.04 0.301931
-0.02 0.301931
0.00 0.301931
0.02 0.301931
0.04 0.301931
0.06 0.301931
0.08 0.301931
0.10 0.301931
0.12 0.301931
0.14 0.301931
0.16 0.301931
0.18 0.301931
0.20 0.301931
0.22 0.301931
0.24 0.301931
0.26 0.301931
0.28 0.301931
0.30 0.301931
0.32 0.301931
0.34 0.301931
0.36 0.301931
0.38 0.301931
0.40 0.301931
0.42 0.301931
0.44 0.301931
0.46 0.301931
0.48 0.301931
0.50 0.301931
0.52 0.301931
0.54 0.301931
0.56 0.301931
0.58 0.301931
0.60 0.301931
0.62 0.301931
0.64 0.301931
0.66 0.301931
0.68 0.301931
0.70 0.301931
0.72 0.301931
0.74 0.301931
0.76 0.301931
0.78 0.301931
0.80 0.301931
0.82 0.301931
0.84 0.301931
0.86 0.301931
0.88 0.301931
0.90 0.301931
0.92 0.301931
0.94 0.301931
0.96 0.301931
0.98 0.301931
1.00 0.301931
1.02 0.301931
1.04 0.301931
-1.04 0.334466
-1.02 0.334466
-1.00 0.334466
-0.98 0.334466
-0.96 0.334466
-0.94 0.334466
-0.92 0.334466
-0.90 0.334466
-0.88 0.334466
-0.86 0.334466
-0.84 0.334466
-0.82 0.334466
-0.80 0.334466
-0.78 0.334466
-0.76 0.334466
-0.74 0.334466
-0.72 0.334466
-0.70 0.334466
-0.68 0.334466
-0.66 0.334466
-0.64 0.334466
-0.62 0.334466
-0.60 0.334466
-0.58 0.334466
-0.56 0.334466
-0.54 0.334466
-0.52 0.334466
-0.50 0.334466
-0.48 0.334466
-0.46 0.334466
-0.44 0.334466
-0.42 0.334466
-0.40 0.334466
-0.38 0.334466
-0.36 0.334466
-0.34 0.334466
-0.32 0.334466
-0.30 0.334466
-0.28 0.334466
-0.26 0.334466
-0.24 0.334466
-0.22 0.334466
-0.20 0.334466
-0.18 0.334466
-0.16 0.334466
-0.14 0.334466
-0.12 0.334466
-0.10 0.334466
-0.08 0.334466
-0.06 0.334466
-0.04 0.334466
-0.02 0.334466
0.00 0.334466
0.02 0.334466
0.04 0.334466
0.06 0.334466
0.08 0.334466
0.10 0.334466
0.12 0.334466
0.14 0.334466
0.16 0.334466
0.18 0.334466
0.20 0.334466
0.22 0.334466
0.24 0.334466
0.26 0.334466
0.28 0.334466
0.30 0.334466
0.32 0.334466
0.34 0.334466
0.36 0.334466
0.38 0.334466
0.40 0.334466
0.42 0.334466
0.44 0.334466
0.46 0.334466
0.48 0.334466
0.50 0.334466
0.52 0.334466
0.54 0.334466
0.56 0.334466
0.58 0.334466
0.60 0.334466
0.62 0.334466
0.64 0.334466
0.66 0.334466
0.68 0.334466
0.70 0.334466
0.72 0.334466
0.74 0.334466
0.76 0.334466
0.78 0.334466
0.80 0.334466
0.82 0.334466
0.84 0.334466
0.86 0.334466
0.88 0.334466
0.90 0.334466
0.92 0.334466
0.94 0.334466
0.96 0.334466
0.98 0.334466
1.00 0.334466
1.02 0.334466
1.04 0.334466
-1.04 0.370266
-1.02 0.370266
-1.00 0.370266
-0.98 0.370266
-0.96 0.370266
-0.94 0.370266
-0.92 0.370266
-0.90 0.370266
-0.88 0.370266
-0.86 0.370266
-0.84 0.370266
-0.82 0.370266
-0.80 0.370266
-0.78 0.370266
-0.76 0.370266
-0.74 0.370266
-0.72 0.370266
-0.70 0.370266
-0.68 0.370266
-0.66 0.370266
-0.64 0.370266
-0.62 0.370266
-0.60 0.370266
-0.58 0.370266
-0.56 0.370266
-0.54 0.370266
-0.52 0.370266
-0.50 0.370266
-0.48 0.370266
-0.46 0.370266
-0.44 0.370266
-0.42 0.370266
-0.40 0.370266
-0.38 0.370266
-0.36 0.370266
-0.34 0.370266
-0.32 0.370266
-0.30 0.370266
-0.28 0.370266
-0.26 0.370266
-0.24 0.370266
-0.22 0.370266
-0.20 0.370266
-0.18 0.370266
-0.16 0.370266
-0.14 0.370266
-0.12 0.370266
-0.10 0.370266
-0.08 0.370266
-0.06 0.370266
-0.04 0.370266
-0.02 0.370266
0.00 0.370266
0.02 0.370266
0.04 0.370266
0.06 0.370266
0.08 0.370266
0.10 0.370266
0.12 0.370266
0.14 0.370266
0.16 0.370266
0.18 0.370266
0.20 0.370266
0.22 0.370266
0.24 0.370266
0.26 0.370266
0.28 0.370266
0.30 0.370266
0.32 0.370266
0.34 0.370266
0.36 0.370266
0.38 0.370266
0.40 0.370266
0.42 0.370266
0.44 0.370266
0.46 0.370266
0.48 0.370266
0.50 0.370266
0.52 0.370266
0.54 0.370266
0.56 0.370266
0.58 0.370266
0.60 0.370266
0.62 0.370266
0.64 0.370266
0.66 0.370266
0.68 0.370266
0.70 0.370266
0.72 0.370266
0.74 0.370266
0.76 0.370266
0.78 0.370266
0.80 0.370266
0.82 0.370266
0.84 0.370266
0.86 0.370266
0.88 0.370266
0.90 0.370266
0.92 0.370266
0.94 0.370266
0.96 0.370266
0.98 0.370266
1.00 0.370266
1.02 0.370266
1.04 0.370266
-1.04 0.409658
-1.02 0.409658
-1.00 0.409658
-0.98 0.409658
-0.96 0.409658
-0.94 0.409658
-0.92 0.409658
-0.90 0.409658
-0.88 0.409658
-0.86 0.409658
-0.84 0.409658
-0.82 0.409658
-0.80 0.409658
-0.78 0.409658
-0.76 0.409658
-0.74 0.409658
-0.72 0.409658
-0.70 0.409658
-0.68 0.409658
-0.66 0.409658
-0.64 0.409658
-0.62 0.409658
-0.60 0.409658
-0.58 0.409658
-0.56 0.409658
-0.54 0.409658
-0.52 0.409658
-0.50 0.409658
-0.48 0.409658
-0.46 0.409658
-0.44 0.409658
-0.42 0.409658
-0.40 0.409658
-0.38 0.409658
-0.36 0.409658
-0.34 0.409658
-0.32 0.409658
-0.30 0.409658
-0.28 0.409658
-0.26 0.409658
-0.24 0.409658
-0.22 0.409658
-0.20 0.409658
-0.18 0.409658
-0.16 0.409658
-0.14 0.409658
-0.12 0.409658
-0.10 0.409658
-0.08 0.409658
-0.06 0.409658
-0.04 0.409658
-0.02 0.409658
0.00 0.409658
0.02 0.409658
0.04 0.409658
0.06 0.409658
0.08 0.409658
0.10 0.409658
0.12 0.409658
0.14 0.409658
0.16 0.409658
0.18 0.409658
0.20 0.409658
0.22 0.409658
0.24 0.409658
0.26 0.409658
0.28 0.409658
0.30 0.409658
0.32 0.409658
0.34 0.409658
0.36 0.409658
0.38 0.409658
0.40 0.409658
0.42 0.409658
0.44 0.409658
0.46 0.409658
0.48 0.409658
0.50 0.409658
0.52 0.409658
0.54 0.409658
0.56 0.409658
0.58 0.409658
0.60 0.409658
0.62 0.409658
0.64 0.409658
0.66 0.409658
0.68 0.409658
0.70 0.409658
0.72 0.409658
0.74 0.409658
0.76 0.409658
0.78 0.409658
0.80 0.409658
0.82 0.409658
0.84 0.409658
0.86 0.409658
0.88 0.409658
0.90 0.409658
0.92 0.409658
0.94 0.409658
0.96 0.409658
0.98 0.409658
1.00 0.409658
1.02 0.409658
1.04 0.409658
-1.04 0.453003
-1.02 0.453003
-1.00 0.453003
-0.98 0.453003
-0.96 0.453003
-0.94 0.453003
-0.92 0.453003
-0.90 0.453003
-0.88 0.453003
-0.86 0.453003
-0.84 0.453003
-0.82 0.453003
-0.80 0.453003
-0.78 0.453003
-0.76 0.453003
-0.74 0.453003
-0.72 0.453003
-0.70 0.453003
-0.68 0.453003
-0.66 0.453003
-0.64 0.453003
-0.62 0.453003
-0.60 0.453003
-0.58 0.453003
-0.56 0.453003
-0.54 0.453003
-0.52 0.453003
-0.50 0.453003
-0.48 0.453003
-0.46 0.453003
-0.44 0.453003
-0.42 0.453003
-0.40 0.453003
-0.38 0.453003
-0.36 0.453003
-0.34 0.453003
-0.32 0.453003
-0.30 0.453003
-0.28 0.453003
-0.26 0.453003
-0.24 0.453003
-0.22 0.453003
-0.20 0.453003
-0.18 0.453003
-0.16 0.453003
-0.14 0.453003
-0.12 0.453003
-0.10 0.453003
-0.08 0.453003
-0.06 0.453003
-0.04 0.453003
-0.02 0.453003
0.00 0.453003
0.02 0.453003
0.04 0.453003
0.06 0.453003
0.08 0.453003
0.10 0.453003
0.12 0.453003
0.14 0.453003
0.16 0.453003
0.18 0.453003
0.20 0.453003
0.22 0.453003
0.24 0.453003
0.26 0.453003
0.28 0.453003
0.30 0.453003
0.32 0.453003
0.34 0.453003
0.36 0.453003
0.38 0.453003
0.40 0.453003
0.42 0.453003
0.44 0.453003
0.46 0.453003
0.48 0.453003
0.50 0.453003
0.52 0.453003
0.54 0.453003
0.56 0.453003
0.58 0.453003
0.60 0.453003
0.62 0.453003
0.64 0.453003
0.66 0.453003
0.68 0.453003
0.70 0.453003
0.72 0.453003
0.74 0.453003
0.76 0.453003
0.78 0.453003
0.80 0.453003
0.82 0.453003
0.84 0.453003
0.86 0.453003
0.88 0.453003
0.90 0.453003
0.92 0.453003
0.94 0.453003
0.96 0.453003
0.98 0.453003
1.00 0.453003
1.02 0.453003
1.04 0.453003
-1.04 0.500698
-1.02 0.500698
-1.00 0.500698
-0.98 0.500698
-0.96 0.500698
-0.94 0.500698
-0.92 0.500698
-0.90 0.500698
-0.88 0.500698
-0.86 0.500698
-0.84 0.500698
-0.82 0.500698
-0.80 0.500698
-0.78 0.500698
-0.76 0.500698
-0.74 0.500698
-0.72 0.500698
-0.70 0.500698
-0.68 0.500698
-0.66 0.500698
-0.64 0.500698
-0.62 0.500698
-0.60 0.500698
-0.58 0.500698
-0.56 0.500698
-0.54 0.500698
-0.52 0.500698
-0.50 0.500698
-0.48 0.500698
-0.46 0.500698
-0.44 0.500698
-0.42 0.500698
-0.40 0.500698
-0.38 0.500698
-0.36 0.500698
-0.34 0.500698
-0.32 0.500698
-0.30 0.500698
-0.28 0.500698
-0.26 0.500698
-0.24 0.500698
-0.22 0.500698
-0.20 0.500698
-0.18 0.500698
-0.16 0.500698
-0.14 0.500698
-0.12 0.500698
-0.10 0.500698
-0.08 0.500698
-0.06 0.500698
-0.04 0.500698
-0.02 0.500698
0.00 0.500698
0.02 0.500698
0.04 0.500698
0.06 0.500698
0.08 0.500698
0.10 0.500698
0.12 0.500698
0.14 0.500698
0.16 0.500698
0.18 0.500698
0.20 0.500698
0.22 0.500698
0.24 0.500698
0.26 0.500698
0.28 0.500698
0.30 0.500698
0.32 0.500698
0.34 0.500698
0.36 0.500698
0.38 0.500698
0.40 0.500698
0.42 0.500698
0.44 0.500698
0.46 0.500698
0.48 0.500698
0.50 0.500698
0.52 0.500698
0.54 0.500698
0.56 0.500698
0.58 0.500698
0.60 0.500698
0.62 0.500698
0.64 0.500698
0.66 0.500698
0.68 0.500698
0.70 0.500698
0.72 0.500698
0.74 0.500698
0.76 0.500698
0.78 0.500698
0.80 0.500698
0.82 0.500698
0.84 0.500698
0.86 0.500698
0.88 0.500698
0.90 0.500698
0.92 0.500698
0.94 0.500698
0.96 0.500698
0.98 0.500698
1.00 0.500698
1.02 0.500698
1.04 0.500698
-1.04 0.553179
-1.02 0.553179
-1.00 0.553179
-0.98 0.553179
-0.96 0.553179
-0.94 0.553179
-0.92 0.553179
-0.90 0.553179
-0.88 0.553179
-0.86 0.553179
-0.84 0.553179
-0.82 0.553179
-0.80 0.553179
-0.78 0.553179
-0.76 0.553179
-0.74 0.553179
-0.72 0.553179
-0.70 0.553179
-0.68 0.553179
-0.66 0.553179
-0.64 0.553179
-0.62 0.553179
-0.60 0.553179
-0.58 0.553179
-0.56 0.553179
-0.54 0.553179
-0.52 0.553179
-0.50 0.553179
-0.48 0.553179
-0.46 0.553179
-0.44 0.553179
-0.42 0.553179
-0.40 0.553179
-0.38 0.553179
-0.36 0.553179
-0.34 0.553179
-0.32 0.553179
-0.30 0.553179
-0.28 0.553179
-0.26 0.553179
-0.24 0.553179
-0.22 0.553179
-0.20 0.553179
-0.18 0.553179
-0.16 0.553179
-0.14 0.553179
-0.12 0.553179
-0.10 0.553179
-0.08 0.553179
-0.06 0.553179
-0.04 0.553179
-0.02 0.553179
0.00 0.553179
0.02 0.553179
0.04 0.553179
0.06 0.553179
0.08 0.553179
0.10 0.553179
0.12 0.553179
0.14 0.553179
0.16 0.553179
0.18 0.553179
0.20 0.553179
0.22 0.553179
0.24 0.553179
0.26 0.553179
0.28 0.553179
0.30 0.553179
0.32 0.553179
0.34 0.553179
0.36 0.553179
0.38 0.553179
0.40 0.553179
0.42 0.553179
0.44 0.553179
0.46 0.553179
0.48 0.553179
0.50 0.553179
0.52 0.553179
0.54 0.553179
0.56 0.553179
0.58 0.553179
0.60 0.553179
0.62 0.553179
0.64 0.553179
0.66 0.553179
0.68 0.553179
0.70 0.553179
0.72 0.553179
0.74 0.553179
0.76 0.553179
0.78 0.553179
0.80 0.553179
0.82 0.553179
0.84 0.553179
0.86 0.553179
0.88 0.553179
0.90 0.553179
0.92 0.553179
0.94 0.553179
0.96 0.553179
0.98 0.553179
1.00 0.553179
1.02 0.553179
1.04 0.553179
-1.04 0.610927
-1.02 0.610927
-1.00 0.610927
-0.98 0.610927
-0.96 0.610927
-0.94 0.610927
-0.92 0.610927
-0.90 0.610927
-0.88 0.610927
-0.86 0.610927
-0.84 0.610927
-0.82 0.610927
-0.80 0.610927
-0.78 0.610927
-0.76 0.610927
-0.74 0.610927
-0.72 0.610927
-0.70 0.610927
-0.68 0.610927
-0.66 0.610927
-0.64 0.610927
-0.62 0.610927
-0.60 0.610927
-0.58 0.610927
-0.56 0.610927
-0.54 0.610927
-0.52 0.610927
-0.50 0.610927
-0.48 0.610927
-0.46 0.610927
-0.44 0.610927
-0.42 0.610927
-0.40 0.610927
-0.38 0.610927
-0.36 0.610927
-0.34 0.610927
-0.32 0.610927
-0.30 0.610927
-0.28 0.610927
-0.26 0.610927
-0.24 0.610927
-0.22 0.610927
-0.20 0.610927
-0.18 0.610927
-0.16 0.610927
-0.14 0.610927
-0.12 0.610927
-0.10 0.610927
-0.08 0.610927
-0.06 0.610927
-0.04 0.610927
-0.02 0.610927
0.00 0.610927
0.02 0.610927
0.04 0.610927
0.06 0.610927
0.08 0.610927
0.10 0.610927
0.12 0.610927
0.14 0.610927
0.16 0.610927
0.18 0.610927
0.20 0.610927
0.22 0.610927
0.24 0.610927
0.26 0.610927
0.28 0.610927
0.30 0.610927
0.32 0.610927
0.34 0.610927
0.36 0.610927
0.38 0.610927
0.40 0.610927
0.42 0.610927
0.44 0.610927
0.46 0.610927
0.48 0.610927
0.50 0.610927
0.52 0.610927
0.54 0.610927
0.56 0.610927
0.58 0.610927
0.60 0.610927
0.62 0.610927
0.64 0.610927
0.66 0.610927
0.68 0.610927
0.70 0.610927
0.72 0.610927
0.74 0.610927
0.76 0.610927
0.78 0.610927
0.80 0.610927
0.82 0.610927
0.84 0.610927
0.86 0.610927
0.88 0.610927
0.90 0.610927
0.92 0.610927
0.94 0.610927
0.96 0.610927
0.98 0.610927
1.00 0.610927
1.02 0.610927
1.04 0.610927
-1.04 0.674469
-1.02 0.674469
-1.00 0.674469
-0.98 0.674469
-0.96 0.674469
-0.94 0.674469
-0.92 0.674469
-0.90 0.674469
-0.88 0.674469
-0.86 0.674469
-0.84 0.674469
-0.82 0.674469
-0.80 0.674469
-0.78 0.674469
-0.76 0.674469
-0.74 0.674469
-0.72 0.674469
-0.70 0.674469
-0.68 0.674469
-0.66 0.674469
-0.64 0.674469
-0.62 0.674469
-0.60 0.674469
-0.58 0.674469
-0.56 0.674469
-0.54 0.674469
-0.52 0.674469
-0.50 0.674469
-0.48 0.674469
-0.46 0.674469
-0.44 0.674469
-0.42 0.674469
-0.40 0.674469
-0.38 0.674469
-0.36 0.674469
-0.34 0.674469
-0.32 0.674469
-0.30 0.674469
-0.28 0.674469
-0.26 0.674469
-0.24 0.674469
-0.22 0.674469
-0.20 0.674469
-0.18 0.674469
-0.16 0.674469
-0.14 0.674469
-0.12 0.674469
-0.10 0.674469
-0.08 0.674469
-0.06 0.674469
-0.04 0.674469
-0.02 0.674469
0.00 0.674469
0.02 0.674469
0.04 0.674469
0.06 0.674469
0.08 0.674469
0.10 0.674469
0.12 0.674469
0.14 0.674469
0.16 0.674469
0.18 0.674469
0.20 0.674469
0.22 0.674469
0.24 0.674469
0.26 0.674469
0.28 0.674469
0.30 0.674469
0.32 0.674469
0.34 0.674469
0.36 0.674469
0.38 0.674469
0.40 0.674469
0.42 0.674469
0.44 0.674469
0.46 0.674469
0.48 0.674469
0.50 0.674469
0.52 0.674469
0.54 0.674469
0.56 0.674469
0.58 0.674469
0.60 0.674469
0.62 0.674469
0.64 0.674469
0.66 0.674469
0.68 0.674469
0.70 0.674469
0.72 0.674469
0.74 0.674469
0.76 0.674469
0.78 0.674469
0.80 0.674469
0.82 0.674469
0.84 0.674469
0.86 0.674469
0.88 0.674469
0.90 0.674469
0.92 0.674469
0.94 0.674469
0.96 0.674469
0.98 0.674469
1.00 0.674469
1.02 0.674469
1.04 0.674469
-1.04 0.744388
-1.02 0.744388
-1.00 0.744388
-0.98 0.744388
-0.96 0.744388
-0.94 0.744388
-0.92 0.744388
-0.90 0.744388
-0.88 0.744388
-0.86 0.744388
-0.84 0.744388
-0.82 0.744388
-0.80 0.744388
-0.78 0.744388
-0.76 0.744388
-0.74 0.744388
-0.72 0.744388
-0.70 0.744388
-0.68 0.744388
-0.66 0.744388
-0.64 0.744388
-0.62 0.744388
-0.60 0.744388
-0.58 0.744388
-0.56 0.744388
-0.54 0.744388
-0.52 0.744388
-0.50 0.744388
-0.48 0.744388
-0.46 0.744388
-0.44 0.744388
-0.42 0.744388
-0.40 0.744388
-0.38 0.744388
-0.36 0.744388
-0.34 0.744388
-0.32 0.744388
-0.30 0.744388
-0.28 0.744388
-0.26 0.744388
-0.24 0.744388
-0.22 0.744388
-0.20 0.744388
-0.18 0.744388
-0.16 0.744388
-0.14 0.744388
-0.12 0.744388
-0.10 0.744388
-0.08 0.744388
-0.06 0.744388
-0.04 0.744388
-0.02 0.744388
0.00 0.744388
0.02 0.744388
0.04 0.744388
0.06 0.744388
0.08 0.744388
0.10 0.744388
0.12 0.744388
0.14 0.744388
0.16 0.744388
0.18 0.744388
0.20 0.744388
0.22 0.744388
0.24 0.744388
0.26 0.744388
0.28 0.744388
0.30 0.744388
0.32 0.744388
0.34 0.744388
0.36 0.744388
0.38 0.744388
0.40 0.744388
0.42 0.744388
0.44 0.744388
0.46 0.744388
0.48 0.744388
0.50 0.744388
0.52 0.744388
0.54 0.744388
0.56 0.744388
0.58 0.744388
0.60 0.744388
0.62 0.744388
0.64 0.744388
0.66 0.744388
0.68 0.744388
0.70 0.744388
0.72 0.744388
0.74 0.744388
0.76 0.744388
0.78 0.744388
0.80 0.744388
0.82 0.744388
0.84 0.744388
0.86 0.744388
0.88 0.744388
0.90 0.744388
0.92 0.744388
0.94 0.744388
0.96 0.744388
0.98 0.744388
1.00 0.744388
1.02 0.744388
1.04 0.744388
-1.04 0.821324
-1.02 0.821324
-1.00 0.821324
-0.98 0.821324
-0.96 0.821324
-0.94 0.821324
-0.92 0.821324
-0.90 0.821324
-0.88 0.821324
-0.86 0.821324
-0.84 0.821324
-0.82 0.821324
-0.80 0.821324
-0.78 0.821324
-0.76 0.821324
-0.74 0.821324
-0.72 0.821324
-0.70 0.821324
-0.68 0.821324
-0.66 0.821324
-0.64 0.821324
-0.62 0.821324
-0.60 0.821324
-0.58 0.821324
-0.56 0.821324
-0.54 0.821324
-0.52 0.821324
-0.50 0.821324
-0.48 0.821324
-0.46 0.821324
-0.44 0.821324
-0.42 0.821324
-0.40 0.821324
-0.38 0.821324
-0.36 0.821324
-0.34 0.821324
-0.32 0.821324
-0.30 0.821324
-0.28 0.821324
-0.26 0.821324
-0.24 0.821324
-0.22 0.821324
-0.20 0.821324
-0.18 0.821324
-0.16 0.821324
-0.14 0.821324
-0.12 0.821324
-0.10 0.821324
-0.08 0.821324
-0.06 0.821324
-0.04 0.821324
-0.02 0.821324
0.00 0.821324
0.02 0.821324
0.04 0.821324
0.06 0.821324
0.08 0.821324
0.10 0.821324
0.12 0.821324
0.14 0.821324
0.16 0.821324
0.18 0.821324
0.20 0.821324
0.22 0.821324
0.24 0.821324
0.26 0.821324
0.28 0.821324
0.30 0.821324
0.32 0.821324
0.34 0.821324
0.36 0.821324
0.38 0.821324
0.40 0.821324
0.42 0.821324
0.44 0.821324
0.46 0.821324
0.48 0.821324
0.50 0.821324
0.52 0.821324
0.54 0.821324
0.56 0.821324
0.58 0.821324
0.60 0.821324
0.62 0.821324
0.64 0.821324
0.66 0.821324
0.68 0.821324
0.70 0.821324
0.72 0.821324
0.74 0.821324
0.76 0.821324
0.78 0.821324
0.80 0.821324
0.82 0.821324
0.84 0.821324
0.86 0.821324
0.88 0.821324
0.90 0.821324
0.92 0.821324
0.94 0.821324
0.96 0.821324
0.98 0.821324
1.00 0.821324
1.02 0.821324
1.04 0.821324
-1.04 0.905980
-1.02 0.905980
-1.00 0.905980
-0.98 0.905980
-0.96 0.905980
-0.94 0.905980
-0.92 0.905980
-0.90 0.905980
-0.88 0.905980
-0.86 0.905980
-0.84 0.905980
-0.82 0.905980
-0.80 0.905980
-0.78 0.905980
-0.76 0.905980
-0.74 0.905980
-0.72 0.905980
-0.70 0.905980
-0.68 0.905980
-0.66 0.905980
-0.64 0.905980
-0.62 0.905980
-0.60 0.905980
-0.58 0.905980
-0.56 0.905980
-0.54 0.905980
-0.52 0.905980
-0.50 0.905980
-0.48 0.905980
-0.46 0.905980
-0.44 0.905980
-0.42 0.905980
-0.40 0.905980
-0.38 0.905980
-0.36 0.905980
-0.34 0.905980
-0.32 0.905980
-0.30 0.905980
-0.28 0.905980
-0.26 0.905980
-0.24 0.905980
-0.22 0.905980
-0.20 0.905980
-0.18 0.905980
-0.16 0.905980
-0.14 0.905980
-0.12 0.905980
-0.10 0.905980
-0.08 0.905980
-0.06 0.905980
-0.04 0.905980
-0.02 0.905980
0.00 0.905980
0.02 0.905980
0.04 0.905980
0.06 0.905980
0.08 0.905980
0.10 0.905980
0.12 0.905980
0.14 0.905980
0.16 0.905980
0.18 0.905980
0.20 0.905980
0.22 0.905980
0.24 0.905980
0.26 0.905980
0.28 0.905980
0.30 0.905980
0.32 0.905980
0.34 0.905980
0.36 0.905980
0.38 0.905980
0.40 0.905980
0.42 0.905980
0.44 0.905980
0.46 0.905980
0.48 0.905980
0.50 0.905980
0.52 0.905980
0.54 0.905980
0.56 0.905980
0.58 0.905980
0.60 0.905980
0.62 0.905980
0.64 0.905980
0.66 0.905980
0.68 0.905980
0.70 0.905980
0.72 0.905980
0.74 0.905980
0.76 0.905980
0.78 0.905980
0.80 0.905980
0.82 0.905980
0.84 0.905980
0.86 0.905980
0.88 0.905980
0.90 0.905980
0.92 0.905980
0.94 0.905980
0.96 0.905980
0.98 0.905980
1.00 0.905980
1.02 0.905980
1.04 0.905980
-1.04 1.000000
-1.02 1.000000
-1.00 1.000000
-0.98 1.000000
-0.96 1.000000
-0.94 1.000000
-0.92 1.000000
-0.90 1.000000
-0.88 1.000000
-0.86 1.000000
-0.84 1.000000
-0.82 1.000000
-0.80 1.000000
-0.78 1.000000
-0.76 1.000000
-0.74 1.000000
-0.72 1.000000
-0.70 1.000000
-0.68 1.000000
-0.66 1.000000
-0.64 1.000000
-0.62 1.000000
-0.60 1.000000
-0.58 1.000000
-0.56 1.000000
-0.54 1.000000
-0.52 1.000000
-0.50 1.000000
-0.48 1.000000
-0.46 1.000000
-0.44 1.000000
-0.42 1.000000
-0.40 1.000000
-0.38 1.000000
-0.36 1.000000
-0.34 1.000000
-0.32 1.000000
-0.30 1.000000
-0.28 1.000000
-0.26 1.000000
-0.24 1.000000
-0.22 1.000000
-0.20 1.000000
-0.18 1.000000
-0.16 1.000000
-0.14 1.000000
-0.12 1.000000
-0.10 1.000000
-0.08 1.000000
-0.06 1.000000
-0.04 1.000000
-0.02 1.000000
0.00 1.000000
0.02 1.000000
0.04 1.000000
0.06 1.000000
0.08 1.000000
0.10 1.000000
0.12 1.000000
0.14 1.000000
0.16 1.000000
0.18 1.000000
0.20 1.000000
0.22 1.000000
0.24 1.000000
0.26 1.000000
0.28 1.000000
0.30 1.000000
0.32 1.000000
0.34 1.000000
0.36 1.000000
0.38 1.000000
0.40 1.000000
0.42 1.000000
0.44 1.000000
0.46 1.000000
0.48 1.000000
0.50 1.000000
0.52 1.000000
0.54 1.000000
0.56 1.000000
0.58 1.000000
0.60 1.000000
0.62 1.000000
0.64 1.000000
0.66 1.000000
0.68 1.000000
0.70 1.000000
0.72 1.000000
0.74 1.000000
0.76 1.000000
0.78 1.000000
0.80 1.000000
0.82 1.000000
0.84 1.000000
0.86 1.000000
0.88 1.000000
0.90 1.000000
0.92 1.000000
0.94 1.000000
0.96 1.000000
0.98 1.000000
1.00 1.000000
1.02 1.000000
1.04 1.000000
-1.04 1.094020
-1.02 1.094020
-1.00 1.094020
-0.98 1.094020
-0.96 1.094020
-0.94 1.094020
-0.92 1.094020
-0.90 1.094020
-0.88 1.094020
-0.86 1.094020
-0.84 1.094020
-0.82 1.094020
-0.80 1.094020
-0.78 1.094020
-0.76 1.094020
-0.74 1.094020
-0.72 1.094020
-0.70 1.094020
-0.68 1.094020
-0.66 1.094020
-0.64 1.094020
-0.62 1.094020
-0.60 1.094020
-0.58 1.094020
-0.56 1.094020
-0.54 1.094020
-0.52 1.094020
-0.50 1.094020
-0.48 1.094020
-0.46 1.094020
-0.44 1.094020
-0.42 1.094020
-0.40 1.094020
-0.38 1.094020
-0.36 1.094020
-0.34 1.094020
-0.32 1.094020
-0.30 1.094020
-0.28 1.094020
-0.26 1.094020
-0.24 1.094020
-0.22 1.094020
-0.20 1.094020
-0.18 1.094020
-0.16 1.094020
-0.14 1.094020
-0.12 1.094020
-0.10 1.094020
-0.08 1.094020
-0.06 1.094020
-0.04 1.094020
-0.02 1.094020
0.00 1.094020
0.02 1.094020
0.04 1.094020
0.06 1.094020
0.08 1.094020
0.10 1.094020
0.12 1.094020
0.14 1.094020
0.16 1.094020
0.18 1.094020
0.20 1.094020
0.22 1.094020
0.24 1.094020
0.26 1.094020
0.28 1.094020
0.30 1.094020
0.32 1.094020
0.34 1.094020
0.36 1.094020
0.38 1.094020
0.40 1.094020
0.42 1.094020
0.44 1.094020
0.46 1.094020
0.48 1.094020
0.50 1.094020
0.52 1.094020
0.54 1.094020
0.56 1.094020
0.58 1.094020
0.60 1.094020
0.62 1.094020
0.64 1.094020
0.66 1.094020
0.68 1.094020
0.70 1.094020
0.72 1.094020
0.74 1.094020
0.76 1.094020
0.78 1.094020
0.80 1.094020
0.82 1.094020
0.84 1.094020
0.86 1.094020
0.88 1.094020
0.90 1.094020
0.92 1.094020
0.94 1.094020
0.96 1.094020
0.98 1.094020
1.00 1.094020
1.02 1.094020
1.04 1.094020
-1.04 1.188041
-1.02 1.188041
-1.00 1.188041
-0.98 1.188041
-0.96 1.188041
-0.94 1.188041
-0.92 1.188041
-0.90 1.188041
-0.88 1.188041
-0.86 1.188041
-0.84 1.188041
-0.82 1.188041
-0.80 1.188041
-0.78 1.188041
-0.76 1.188041
-0.74 1.188041
-0.72 1.188041
-0.70 1.188041
-0.68 1.188041
-0.66 1.188041
-0.64 1.188041
-0.62 1.188041
-0.60 1.188041
-0.58 1.188041
-0.56 1.188041
-0.54 1.188041
-0.52 1.188041
-0.50 1.188041
-0.48 1.188041
-0.46 1.188041
-0.44 1.188041
-0.42 1.188041
-0.40 1.188041
-0.38 1.188041
-0.36 1.188041
-0.34 1.188041
-0.32 1.188041
-0.30 1.188041
-0.28 1.188041
-0.26 1.188041
-0.24 1.188041
-0.22 1.188041
-0.20 1.188041
-0.18 1.188041
-0.16 1.188041
-0.14 1.188041
-0.12 1.188041
-0.10 1.188041
-0.08 1.188041
-0.06 1.188041
-0.04 1.188041
-0.02 1.188041
0.00 1.188041
0.02 1.188041
0.04 1.188041
0.06 1.188041
0.08 1.188041
0.10 1.188041
0.12 1.188041
0.14 1.188041
0.16 1.188041
0.18 1.188041
0.20 1.188041
0.22 1.188041
0.24 1.188041
0.26 1.188041
0.28 1.188041
0.30 1.188041
0.32 1.188041
0.34 1.188041
0.36 1.188041
0.38 1.188041
0.40 1.188041
0.42 1.188041
0.44 1.188041
0.46 1.188041
0.48 1.188041
0.50 1.188041
0.52 1.188041
0.54 1.188041
0.56 1.188041
0.58 1.188041
0.60 1.188041
0.62 1.188041
0.64 1.188041
0.66 1.188041
0.68 1.188041
0.70 1.188041
0.72 1.188041
0.74 1.188041
0.76 1.188041
0.78 1.188041
0.80 1.188041
0.82 1.188041
0.84 1.188041
0.86 1.188041
0.88 1.188041
0.90 1.188041
0.92 1.188041
0.94 1.188041
0.96 1.188041
0.98 1.188041
1.00 1.188041
1.02 1.188041
1.04 1.188041
