-1.00 -0.004472
-0.98 -0.004472
-0.96 -0.004472
-0.94 -0.004472
-0.92 -0.004472
-0.90 -0.004472
-0.88 -0.004472
-0.86 -0.004472
-0.84 -0.004472
-0.82 -0.004472
-0.80 -0.004472
-0.78 -0.004472
-0.76 -0.004472
-0.74 -0.004472
-0.72 -0.004472
-0.70 -0.004472
-0.68 -0.004472
-0.66 -0.004472
-0.64 -0.004472
-0.62 -0.004472
-0.60 -0.004472
-0.58 -0.004472
-0.56 -0.004472
-0.54 -0.004472
-0.52 -0.004472
-0.50 -0.004472
-0.48 -0.004472
-0.46 -0.004472
-0.44 -0.004472
-0.42 -0.004472
-0.40 -0.004472
-0.38 -0.004472
-0.36 -0.004472
-0.34 -0.004472
-0.32 -0.004472
-0.30 -0.004472
-0.28 -0.004472
-0.26 -0.004472
-0.24 -0.004472
-0.22 -0.004472
-0.20 -0.004472
-0.18 -0.004472
-0.16 -0.004472
-0.14 -0.004472
-0.12 -0.004472
-0.10 -0.004472
-0.08 -0.004472
-0.06 -0.004472
-0.04 -0.004472
-0.02 -0.004472
0.00 -0.004472
0.02 -0.004472
0.04 -0.004472
0.06 -0.004472
0.08 -0.004472
0.10 -0.004472
0.12 -0.004472
0.14 -0.004472
0.16 -0.004472
0.18 -0.004472
0.20 -0.004472
0.22 -0.004472
0.24 -0.004472
0.26 -0.004472
0.28 -0.004472
0.30 -0.004472
0.32 -0.004472
0.34 -0.004472
0.36 -0.004472
0.38 -0.004472
0.40 -0.004472
0.42 -0.004472
0.44 -0.004472
0.46 -0.004472
0.48 -0.004472
0.50 -0.004472
0.52 -0.004472
0.54 -0.004472
0.56 -0.004472
0.58 -0.004472
0.60 -0.004472
0.62 -0.004472
0.64 -0.004472
0.66 -0.004472
0.68 -0.004472
0.70 -0.004472
0.72 -0.004472
0.74 -0.004472
0.76 -0.004472
0.78 -0.004472
0.80 -0.004472
0.82 -0.004472
0.84 -0.004472
0.86 -0.004472
0.88 -0.004472
0.90 -0.004472
0.92 -0.004472
0.94 -0.004472
0.96 -0.004472
0.98 -0.004472
1.00 -0.004472
-1.00 -0.002236
-0.98 -0.002236
-0.96 -0.002236
-0.94 -0.002236
-0.92 -0.002236
-0.90 -0.002236
-0.88 -0.002236
-0.86 -0.002236
-0.84 -0.002236
-0.82 -0.002236
-0.80 -0.002236
-0.78 -0.002236
-0.76 -0.002236
-0.74 -0.002236
-0.72 -0.002236
-0.70 -0.002236
-0.68 -0.002236
-0.66 -0.002236
-0.64 -0.002236
-0.62 -0.002236
-0.60 -0.002236
-0.58 -0.002236
-0.56 -0.002236
-0.54 -0.002236
-0.52 -0.002236
-0.50 -0.002236
-0.48 -0.002236
-0.46 -0.002236
-0.44 -0.002236
-0.42 -0.002236
-0.40 -0.002236
-0.38 -0.002236
-0.36 -0.002236
-0.34 -0.002236
-0.32 -0.002236
-0.30 -0.002236
-0.28 -0.002236
-0.26 -0.002236
-0.24 -0.002236
-0.22 -0.002236
-0.20 -0.002236
-0.18 -0.002236
-0.16 -0.002236
-0.14 -0.002236
-0.12 -0.002236
-0.10 -0.002236
-0.08 -0.002236
-0.06 -0.002236
-0.04 -0.002236
-0.02 -0.002236
0.00 -0.002236
0.02 -0.002236
0.04 -0.002236
0.06 -0.002236
0.08 -0.002236
0.10 -0.002236
0.12 -0.002236
0.14 -0.002236
0.16 -0.002236
0.18 -0.002236
0.20 -0.002236
0.22 -0.002236
0.24 -0.002236
0.26 -0.002236
0.28 -0.002236
0.30 -0.002236
0.32 -0.002236
0.34 -0.002236
0.36 -0.002236
0.38 -0.002236
0.40 -0.002236
0.42 -0.002236
0.44 -0.002236
0.46 -0.002236
0.48 -0.002236
0.50 -0.002236
0.52 -0.002236
0.54 -0.002236
0.56 -0.002236
0.58 -0.002236
0.60 -0.002236
0.62 -0.002236
0.64 -0.002236
0.66 -0.002236
0.68 -0.002236
0.70 -0.002236
0.72 -0.002236
0.74 -0.002236
0.76 -0.002236
0.78 -0.002236
0.80 -0.002236
0.82 -0.002236
0.84 -0.002236
0.86 -0.002236
0.88 -0.002236
0.90 -0.002236
0.92 -0.002236
0.94 -0.002236
0.96 -0.002236
0.98 -0.002236
1.00 -0.002236
-1.04 0.000000
-1.02 0.000000
-1.00 0.000000
-0.98 0.000000
-0.96 0.000000
-0.94 0.000000
-0.92 0.000000
-0.90 0.000000
-0.88 0.000000
-0.86 0.000000
-0.84 0.000000
-0.82 0.000000
-0.80 0.000000
-0.78 0.000000
-0.76 0.000000
-0.74 0.000000
-0.72 0.000000
-0.70 0.000000
-0.68 0.000000
-0.66 0.000000
-0.64 0.000000
-0.62 0.000000
-0.60 0.000000
-0.58 0.000000
-0.56 0.000000
-0.54 0.000000
-0.52 0.000000
-0.50 0.000000
-0.48 0.000000
-0.46 0.000000
-0.44 0.000000
-0.42 0.000000
-0.40 0.000000
-0.38 0.000000
-0.36 0.000000
-0.34 0.000000
-0.32 0.000000
-0.30 0.000000
-0.28 0.000000
-0.26 0.000000
-0.24 0.000000
-0.22 0.000000
-0.20 0.000000
-0.18 0.000000
-0.16 0.000000
-0.14 0.000000
-0.12 0.000000
-0.10 0.000000
-0.08 0.000000
-0.06 0.000000
-0.04 0.000000
-0.02 0.000000
0.00 0.000000
0.02 0.000000
0.04 0.000000
0.06 0.000000
0.08 0.000000
0.10 0.000000
0.12 0.000000
0.14 0.000000
0.16 0.000000
0.18 0.000000
0.20 0.000000
0.22 0.000000
0.24 0.000000
0.26 0.000000
0.28 0.000000
0.30 0.000000
0.32 0.000000
0.34 0.000000
0.36 0.000000
0.38 0.000000
0.40 0.000000
0.42 0.000000
0.44 0.000000
0.46 0.000000
0.48 0.000000
0.50 0.000000
0.52 0.000000
0.54 0.000000
0.56 0.000000
0.58 0.000000
0.60 0.000000
0.62 0.000000
0.64 0.000000
0.66 0.000000
0.68 0.000000
0.70 0.000000
0.72 0.000000
0.74 0.000000
0.76 0.000000
0.78 0.000000
0.80 0.000000
0.82 0.000000
0.84 0.000000
0.86 0.000000
0.88 0.000000
0.90 0.000000
0.92 0.000000
0.94 0.000000
0.96 0.000000
0.98 0.000000
1.00 0.000000
1.02 0.000000
1.04 0.000000
-1.04 0.002236
-1.02 0.002236
-1.00 0.002236
-0.98 0.002236
-0.96 0.002236
-0.94 0.002236
-0.92 0.002236
-0.90 0.002236
-0.88 0.002236
-0.86 0.002236
-0.84 0.002236
-0.82 0.002236
-0.80 0.002236
-0.78 0.002236
-0.76 0.002236
-0.74 0.002236
-0.72 0.002236
-0.70 0.002236
-0.68 0.002236
-0.66 0.002236
-0.64 0.002236
-0.62 0.002236
-0.60 0.002236
-0.58 0.002236
-0.56 0.002236
-0.54 0.002236
-0.52 0.002236
-0.50 0.002236
-0.48 0.002236
-0.46 0.002236
-0.44 0.002236
-0.42 0.002236
-0.40 0.002236
-0.38 0.002236
-0.36 0.002236
-0.34 0.002236
-0.32 0.002236
-0.30 0.002236
-0.28 0.002236
-0.26 0.002236
-0.24 0.002236
-0.22 0.002236
-0.20 0.002236
-0.18 0.002236
-0.16 0.002236
-0.14 0.002236
-0.12 0.002236
-0.10 0.002236
-0.08 0.002236
-0.06 0.002236
-0.04 0.002236
-0.02 0.002236
0.00 0.002236
0.02 0.002236
0.04 0.002236
0.06 0.002236
0.08 0.002236
0.10 0.002236
0.12 0.002236
0.14 0.002236
0.16 0.002236
0.18 0.002236
0.20 0.002236
0.22 0.002236
0.24 0.002236
0.26 0.002236
0.28 0.002236
0.30 0.002236
0.32 0.002236
0.34 0.002236
0.36 0.002236
0.38 0.002236
0.40 0.002236
0.42 0.002236
0.44 0.002236
0.46 0.002236
0.48 0.002236
0.50 0.002236
0.52 0.002236
0.54 0.002236
0.56 0.002236
0.58 0.002236
0.60 0.002236
0.62 0.002236
0.64 0.002236
0.66 0.002236
0.68 0.002236
0.70 0.002236
0.72 0.002236
0.74 0.002236
0.76 0.002236
0.78 0.002236
0.80 0.002236
0.82 0.002236
0.84 0.002236
0.86 0.002236
0.88 0.002236
0.90 0.002236
0.92 0.002236
0.94 0.002236
0.96 0.002236
0.98 0.002236
1.00 0.002236
1.02 0.002236
1.04 0.002236
-1.04 0.002615
-1.02 0.002615
-1.00 0.002615
-0.98 0.002615
-0.96 0.002615
-0.94 0.002615
-0.92 0.002615
-0.90 0.002615
-0.88 0.002615
-0.86 0.002615
-0.84 0.002615
-0.82 0.002615
-0.80 0.002615
-0.78 0.002615
-0.76 0.002615
-0.74 0.002615
-0.72 0.002615
-0.70 0.002615
-0.68 0.002615
-0.66 0.002615
-0.64 0.002615
-0.62 0.002615
-0.60 0.002615
-0.58 0.002615
-0.56 0.002615
-0.54 0.002615
-0.52 0.002615
-0.50 0.002615
-0.48 0.002615
-0.46 0.002615
-0.44 0.002615
-0.42 0.002615
-0.40 0.002615
-0.38 0.002615
-0.36 0.002615
-0.34 0.002615
-0.32 0.002615
-0.30 0.002615
-0.28 0.002615
-0.26 0.002615
-0.24 0.002615
-0.22 0.002615
-0.20 0.002615
-0.18 0.002615
-0.16 0.002615
-0.14 0.002615
-0.12 0.002615
-0.10 0.002615
-0.08 0.002615
-0.06 0.002615
-0.04 0.002615
-0.02 0.002615
0.00 0.002615
0.02 0.002615
0.04 0.002615
0.06 0.002615
0.08 0.002615
0.10 0.002615
0.12 0.002615
0.14 0.002615
0.16 0.002615
0.18 0.002615
0.20 0.002615
0.22 0.002615
0.24 0.002615
0.26 0.002615
0.28 0.002615
0.30 0.002615
0.32 0.002615
0.34 0.002615
0.36 0.002615
0.38 0.002615
0.40 0.002615
0.42 0.002615
0.44 0.002615
0.46 0.002615
0.48 0.002615
0.50 0.002615
0.52 0.002615
0.54 0.002615
0.56 0.002615
0.58 0.002615
0.60 0.002615
0.62 0.002615
0.64 0.002615
0.66 0.002615
0.68 0.002615
0.70 0.002615
0.72 0.002615
0.74 0.002615
0.76 0.002615
0.78 0.002615
0.80 0.002615
0.82 0.002615
0.84 0.002615
0.86 0.002615
0.88 0.002615
0.90 0.002615
0.92 0.002615
0.94 0.002615
0.96 0.002615
0.98 0.002615
1.00 0.002615
1.02 0.002615
1.04 0.002615
-1.04 0.003058
-1.02 0.003058
-1.00 0.003058
-0.98 0.003058
-0.96 0.003058
-0.94 0.003058
-0.92 0.003058
-0.90 0.003058
-0.88 0.003058
-0.86 0.003058
-0.84 0.003058
-0.82 0.003058
-0.80 0.003058
-0.78 0.003058
-0.76 0.003058
-0.74 0.003058
-0.72 0.003058
-0.70 0.003058
-0.68 0.003058
-0.66 0.003058
-0.64 0.003058
-0.62 0.003058
-0.60 0.003058
-0.58 0.003058
-0.56 0.003058
-0.54 0.003058
-0.52 0.003058
-0.50 0.003058
-0.48 0.003058
-0.46 0.003058
-0.44 0.003058
-0.42 0.003058
-0.40 0.003058
-0.38 0.003058
-0.36 0.003058
-0.34 0.003058
-0.32 0.003058
-0.30 0.003058
-0.28 0.003058
-0.26 0.003058
-0.24 0.003058
-0.22 0.003058
-0.20 0.003058
-0.18 0.003058
-0.16 0.003058
-0.14 0.003058
-0.12 0.003058
-0.10 0.003058
-0.08 0.003058
-0.06 0.003058
-0.04 0.003058
-0.02 0.003058
0.00 0.003058
0.02 0.003058
0.04 0.003058
0.06 0.003058
0.08 0.003058
0.10 0.003058
0.12 0.003058
0.14 0.003058
0.16 0.003058
0.18 0.003058
0.20 0.003058
0.22 0.003058
0.24 0.003058
0.26 0.003058
0.28 0.003058
0.30 0.003058
0.32 0.003058
0.34 0.003058
0.36 0.003058
0.38 0.003058
0.40 0.003058
0.42 0.003058
0.44 0.003058
0.46 0.003058
0.48 0.003058
0.50 0.003058
0.52 0.003058
0.54 0.003058
0.56 0.003058
0.58 0.003058
0.60 0.003058
0.62 0.003058
0.64 0.003058
0.66 0.003058
0.68 0.003058
0.70 0.003058
0.72 0.003058
0.74 0.003058
0.76 0.003058
0.78 0.003058
0.80 0.003058
0.82 0.003058
0.84 0.003058
0.86 0.003058
0.88 0.003058
0.90 0.003058
0.92 0.003058
0.94 0.003058
0.96 0.003058
0.98 0.003058
1.00 0.003058
1.02 0.003058
1.04 0.003058
-1.04 0.003576
-1.02 0.003576
-1.00 0.003576
-0.98 0.003576
-0.96 0.003576
-0.94 0.003576
-0.92 0.003576
-0.90 0.003576
-0.88 0.003576
-0.86 0.003576
-0.84 0.003576
-0.82 0.003576
-0.80 0.003576
-0.78 0.003576
-0.76 0.003576
-0.74 0.003576
-0.72 0.003576
-0.70 0.003576
-0.68 0.003576
-0.66 0.003576
-0.64 0.003576
-0.62 0.003576
-0.60 0.003576
-0.58 0.003576
-0.56 0.003576
-0.54 0.003576
-0.52 0.003576
-0.50 0.003576
-0.48 0.003576
-0.46 0.003576
-0.44 0.003576
-0.42 0.003576
-0.40 0.003576
-0.38 0.003576
-0.36 0.003576
-0.34 0.003576
-0.32 0.003576
-0.30 0.003576
-0.28 0.003576
-0.26 0.003576
-0.24 0.003576
-0.22 0.003576
-0.20 0.003576
-0.18 0.003576
-0.16 0.003576
-0.14 0.003576
-0.12 0.003576
-0.10 0.003576
-0.08 0.003576
-0.06 0.003576
-0.04 0.003576
-0.02 0.003576
0.00 0.003576
0.02 0.003576
0.04 0.003576
0.06 0.003576
0.08 0.003576
0.10 0.003576
0.12 0.003576
0.14 0.003576
0.16 0.003576
0.18 0.003576
0.20 0.003576
0.22 0.003576
0.24 0.003576
0.26 0.003576
0.28 0.003576
0.30 0.003576
0.32 0.003576
0.34 0.003576
0.36 0.003576
0.38 0.003576
0.40 0.003576
0.42 0.003576
0.44 0.003576
0.46 0.003576
0.48 0.003576
0.50 0.003576
0.52 0.003576
0.54 0.003576
0.56 0.003576
0.58 0.003576
0.60 0.003576
0.62 0.003576
0.64 0.003576
0.66 0.003576
0.68 0.003576
0.70 0.003576
0.72 0.003576
0.74 0.003576
0.76 0.003576
0.78 0.003576
0.80 0.003576
0.82 0.003576
0.84 0.003576
0.86 0.003576
0.88 0.003576
0.90 0.003576
0.92 0.003576
0.94 0.003576
0.96 0.003576
0.98 0.003576
1.00 0.003576
1.02 0.003576
1.04 0.003576
-1.04 0.004182
-1.02 0.004182
-1.00 0.004182
-0.98 0.004182
-0.96 0.004182
-0.94 0.004182
-0.92 0.004182
-0.90 0.004182
-0.88 0.004182
-0.86 0.004182
-0.84 0.004182
-0.82 0.004182
-0.80 0.004182
-0.78 0.004182
-0.76 0.004182
-0.74 0.004182
-0.72 0.004182
-0.70 0.004182
-0.68 0.004182
-0.66 0.004182
-0.64 0.004182
-0.62 0.004182
-0.60 0.004182
-0.58 0.004182
-0.56 0.004182
-0.54 0.004182
-0.52 0.004182
-0.50 0.004182
-0.48 0.004182
-0.46 0.004182
-0.44 0.004182
-0.42 0.004182
-0.40 0.004182
-0.38 0.004182
-0.36 0.004182
-0.34 0.004182
-0.32 0.004182
-0.30 0.004182
-0.28 0.004182
-0.26 0.004182
-0.24 0.004182
-0.22 0.004182
-0.20 0.004182
-0.18 0.004182
-0.16 0.004182
-0.14 0.004182
-0.12 0.004182
-0.10 0.004182
-0.08 0.004182
-0.06 0.004182
-0.04 0.004182
-0.02 0.004182
0.00 0.004182
0.02 0.004182
0.04 0.004182
0.06 0.004182
0.08 0.004182
0.10 0.004182
0.12 0.004182
0.14 0.004182
0.16 0.004182
0.18 0.004182
0.20 0.004182
0.22 0.004182
0.24 0.004182
0.26 0.004182
0.28 0.004182
0.30 0.004182
0.32 0.004182
0.34 0.004182
0.36 0.004182
0.38 0.004182
0.40 0.004182
0.42 0.004182
0.44 0.004182
0.46 0.004182
0.48 0.004182
0.50 0.004182
0.52 0.004182
0.54 0.004182
0.56 0.004182
0.58 0.004182
0.60 0.004182
0.62 0.004182
0.64 0.004182
0.66 0.004182
0.68 0.004182
0.70 0.004182
0.72 0.004182
0.74 0.004182
0.76 0.004182
0.78 0.004182
0.80 0.004182
0.82 0.004182
0.84 0.004182
0.86 0.004182
0.88 0.004182
0.90 0.004182
0.92 0.004182
0.94 0.004182
0.96 0.004182
0.98 0.004182
1.00 0.004182
1.02 0.004182
1.04 0.004182
-1.04 0.004890
-1.02 0.004890
-1.00 0.004890
-0.98 0.004890
-0.96 0.004890
-0.94 0.004890
-0.92 0.004890
-0.90 0.004890
-0.88 0.004890
-0.86 0.004890
-0.84 0.004890
-0.82 0.004890
-0.80 0.004890
-0.78 0.004890
-0.76 0.004890
-0.74 0.004890
-0.72 0.004890
-0.70 0.004890
-0.68 0.004890
-0.66 0.004890
-0.64 0.004890
-0.62 0.004890
-0.60 0.004890
-0.58 0.004890
-0.56 0.004890
-0.54 0.004890
-0.52 0.004890
-0.50 0.004890
-0.48 0.004890
-0.46 0.004890
-0.44 0.004890
-0.42 0.004890
-0.40 0.004890
-0.38 0.004890
-0.36 0.004890
-0.34 0.004890
-0.32 0.004890
-0.30 0.004890
-0.28 0.004890
-0.26 0.004890
-0.24 0.004890
-0.22 0.004890
-0.20 0.004890
-0.18 0.004890
-0.16 0.004890
-0.14 0.004890
-0.12 0.004890
-0.10 0.004890
-0.08 0.004890
-0.06 0.004890
-0.04 0.004890
-0.02 0.004890
0.00 0.004890
0.02 0.004890
0.04 0.004890
0.06 0.004890
0.08 0.004890
0.10 0.004890
0.12 0.004890
0.14 0.004890
0.16 0.004890
0.18 0.004890
0.20 0.004890
0.22 0.004890
0.24 0.004890
0.26 0.004890
0.28 0.004890
0.30 0.004890
0.32 0.004890
0.34 0.004890
0.36 0.004890
0.38 0.004890
0.40 0.004890
0.42 0.004890
0.44 0.004890
0.46 0.004890
0.48 0.004890
0.50 0.004890
0.52 0.004890
0.54 0.004890
0.56 0.004890
0.58 0.004890
0.60 0.004890
0.62 0.004890
0.64 0.004890
0.66 0.004890
0.68 0.004890
0.70 0.004890
0.72 0.004890
0.74 0.004890
0.76 0.004890
0.78 0.004890
0.80 0.004890
0.82 0.004890
0.84 0.004890
0.86 0.004890
0.88 0.004890
0.90 0.004890
0.92 0.004890
0.94 0.004890
0.96 0.004890
0.98 0.004890
1.00 0.004890
1.02 0.004890
1.04 0.004890
-1.04 0.005718
-1.02 0.005718
-1.00 0.005718
-0.98 0.005718
-0.96 0.005718
-0.94 0.005718
-0.92 0.005718
-0.90 0.005718
-0.88 0.005718
-0.86 0.005718
-0.84 0.005718
-0.82 0.005718
-0.80 0.005718
-0.78 0.005718
-0.76 0.005718
-0.74 0.005718
-0.72 0.005718
-0.70 0.005718
-0.68 0.005718
-0.66 0.005718
-0.64 0.005718
-0.62 0.005718
-0.60 0.005718
-0.58 0.005718
-0.56 0.005718
-0.54 0.005718
-0.52 0.005718
-0.50 0.005718
-0.48 0.005718
-0.46 0.005718
-0.44 0.005718
-0.42 0.005718
-0.40 0.005718
-0.38 0.005718
-0.36 0.005718
-0.34 0.005718
-0.32 0.005718
-0.30 0.005718
-0.28 0.005718
-0.26 0.005718
-0.24 0.005718
-0.22 0.005718
-0.20 0.005718
-0.18 0.005718
-0.16 0.005718
-0.14 0.005718
-0.12 0.005718
-0.10 0.005718
-0.08 0.005718
-0.06 0.005718
-0.04 0.005718
-0.02 0.005718
0.00 0.005718
0.02 0.005718
0.04 0.005718
0.06 0.005718
0.08 0.005718
0.10 0.005718
0.12 0.005718
0.14 0.005718
0.16 0.005718
0.18 0.005718
0.20 0.005718
0.22 0.005718
0.24 0.005718
0.26 0.005718
0.28 0.005718
0.30 0.005718
0.32 0.005718
0.34 0.005718
0.36 0.005718
0.38 0.005718
0.40 0.005718
0.42 0.005718
0.44 0.005718
0.46 0.005718
0.48 0.005718
0.50 0.005718
0.52 0.005718
0.54 0.005718
0.56 0.005718
0.58 0.005718
0.60 0.005718
0.62 0.005718
0.64 0.005718
0.66 0.005718
0.68 0.005718
0.70 0.005718
0.72 0.005718
0.74 0.005718
0.76 0.005718
0.78 0.005718
0.80 0.005718
0.82 0.005718
0.84 0.005718
0.86 0.005718
0.88 0.005718
0.90 0.005718
0.92 0.005718
0.94 0.005718
0.96 0.005718
0.98 0.005718
1.00 0.005718
1.02 0.005718
1.04 0.005718
-1.04 0.006687
-1.02 0.006687
-1.00 0.006687
-0.98 0.006687
-0.96 0.006687
-0.94 0.006687
-0.92 0.006687
-0.90 0.006687
-0.88 0.006687
-0.86 0.006687
-0.84 0.006687
-0.82 0.006687
-0.80 0.006687
-0.78 0.006687
-0.76 0.006687
-0.74 0.006687
-0.72 0.006687
-0.70 0.006687
-0.68 0.006687
-0.66 0.006687
-0.64 0.006687
-0.62 0.006687
-0.60 0.006687
-0.58 0.006687
-0.56 0.006687
-0.54 0.006687
-0.52 0.006687
-0.50 0.006687
-0.48 0.006687
-0.46 0.006687
-0.44 0.006687
-0.42 0.006687
-0.40 0.006687
-0.38 0.006687
-0.36 0.006687
-0.34 0.006687
-0.32 0.006687
-0.30 0.006687
-0.28 0.006687
-0.26 0.006687
-0.24 0.006687
-0.22 0.006687
-0.20 0.006687
-0.18 0.006687
-0.16 0.006687
-0.14 0.006687
-0.12 0.006687
-0.10 0.006687
-0.08 0.006687
-0.06 0.006687
-0.04 0.006687
-0.02 0.006687
0.00 0.006687
0.02 0.006687
0.04 0.006687
0.06 0.006687
0.08 0.006687
0.10 0.006687
0.12 0.006687
0.14 0.006687
0.16 0.006687
0.18 0.006687
0.20 0.006687
0.22 0.006687
0.24 0.006687
0.26 0.006687
0.28 0.006687
0.30 0.006687
0.32 0.006687
0.34 0.006687
0.36 0.006687
0.38 0.006687
0.40 0.006687
0.42 0.006687
0.44 0.006687
0.46 0.006687
0.48 0.006687
0.50 0.006687
0.52 0.006687
0.54 0.006687
0.56 0.006687
0.58 0.006687
0.60 0.006687
0.62 0.006687
0.64 0.006687
0.66 0.006687
0.68 0.006687
0.70 0.006687
0.72 0.006687
0.74 0.006687
0.76 0.006687
0.78 0.006687
0.80 0.006687
0.82 0.006687
0.84 0.006687
0.86 0.006687
0.88 0.006687
0.90 0.006687
0.92 0.006687
0.94 0.006687
0.96 0.006687
0.98 0.006687
1.00 0.006687
1.02 0.006687
1.04 0.006687
-1.04 0.007820
-1.02 0.007820
-1.00 0.007820
-0.98 0.007820
-0.96 0.007820
-0.94 0.007820
-0.92 0.007820
-0.90 0.007820
-0.88 0.007820
-0.86 0.007820
-0.84 0.007820
-0.82 0.007820
-0.80 0.007820
-0.78 0.007820
-0.76 0.007820
-0.74 0.007820
-0.72 0.007820
-0.70 0.007820
-0.68 0.007820
-0.66 0.007820
-0.64 0.007820
-0.62 0.007820
-0.60 0.007820
-0.58 0.007820
-0.56 0.007820
-0.54 0.007820
-0.52 0.007820
-0.50 0.007820
-0.48 0.007820
-0.46 0.007820
-0.44 0.007820
-0.42 0.007820
-0.40 0.007820
-0.38 0.007820
-0.36 0.007820
-0.34 0.007820
-0.32 0.007820
-0.30 0.007820
-0.28 0.007820
-0.26 0.007820
-0.24 0.007820
-0.22 0.007820
-0.20 0.007820
-0.18 0.007820
-0.16 0.007820
-0.14 0.007820
-0.12 0.007820
-0.10 0.007820
-0.08 0.007820
-0.06 0.007820
-0.04 0.007820
-0.02 0.007820
0.00 0.007820
0.02 0.007820
0.04 0.007820
0.06 0.007820
0.08 0.007820
0.10 0.007820
0.12 0.007820
0.14 0.007820
0.16 0.007820
0.18 0.007820
0.20 0.007820
0.22 0.007820
0.24 0.007820
0.26 0.007820
0.28 0.007820
0.30 0.007820
0.32 0.007820
0.34 0.007820
0.36 0.007820
0.38 0.007820
0.40 0.007820
0.42 0.007820
0.44 0.007820
0.46 0.007820
0.48 0.007820
0.50 0.007820
0.52 0.007820
0.54 0.007820
0.56 0.007820
0.58 0.007820
0.60 0.007820
0.62 0.007820
0.64 0.007820
0.66 0.007820
0.68 0.007820
0.70 0.007820
0.72 0.007820
0.74 0.007820
0.76 0.007820
0.78 0.007820
0.80 0.007820
0.82 0.007820
0.84 0.007820
0.86 0.007820
0.88 0.007820
0.90 0.007820
0.92 0.007820
0.94 0.007820
0.96 0.007820
0.98 0.007820
1.00 0.007820
1.02 0.007820
1.04 0.007820
-1.04 0.009144
-1.02 0.009144
-1.00 0.009144
-0.98 0.009144
-0.96 0.009144
-0.94 0.009144
-0.92 0.009144
-0.90 0.009144
-0.88 0.009144
-0.86 0.009144
-0.84 0.009144
-0.82 0.009144
-0.80 0.009144
-0.78 0.009144
-0.76 0.009144
-0.74 0.009144
-0.72 0.009144
-0.70 0.009144
-0.68 0.009144
-0.66 0.009144
-0.64 0.009144
-0.62 0.009144
-0.60 0.009144
-0.58 0.009144
-0.56 0.009144
-0.54 0.009144
-0.52 0.009144
-0.50 0.009144
-0.48 0.009144
-0.46 0.009144
-0.44 0.009144
-0.42 0.009144
-0.40 0.009144
-0.38 0.009144
-0.36 0.009144
-0.34 0.009144
-0.32 0.009144
-0.30 0.009144
-0.28 0.009144
-0.26 0.009144
-0.24 0.009144
-0.22 0.009144
-0.20 0.009144
-0.18 0.009144
-0.16 0.009144
-0.14 0.009144
-0.12 0.009144
-0.10 0.009144
-0.08 0.009144
-0.06 0.009144
-0.04 0.009144
-0.02 0.009144
0.00 0.009144
0.02 0.009144
0.04 0.009144
0.06 0.009144
0.08 0.009144
0.10 0.009144
0.12 0.009144
0.14 0.009144
0.16 0.009144
0.18 0.009144
0.20 0.009144
0.22 0.009144
0.24 0.009144
0.26 0.009144
0.28 0.009144
0.30 0.009144
0.32 0.009144
0.34 0.009144
0.36 0.009144
0.38 0.009144
0.40 0.009144
0.42 0.009144
0.44 0.009144
0.46 0.009144
0.48 0.009144
0.50 0.009144
0.52 0.009144
0.54 0.009144
0.56 0.009144
0.58 0.009144
0.60 0.009144
0.62 0.009144
0.64 0.009144
0.66 0.009144
0.68 0.009144
0.70 0.009144
0.72 0.009144
0.74 0.009144
0.76 0.009144
0.78 0.009144
0.80 0.009144
0.82 0.009144
0.84 0.009144
0.86 0.009144
0.88 0.009144
0.90 0.009144
0.92 0.009144
0.94 0.009144
0.96 0.009144
0.98 0.009144
1.00 0.009144
1.02 0.009144
1.04 0.009144
-1.04 0.010693
-1.02 0.010693
-1.00 0.010693
-0.98 0.010693
-0.96 0.010693
-0.94 0.010693
-0.92 0.010693
-0.90 0.010693
-0.88 0.010693
-0.86 0.010693
-0.84 0.010693
-0.82 0.010693
-0.80 0.010693
-0.78 0.010693
-0.76 0.010693
-0.74 0.010693
-0.72 0.010693
-0.70 0.010693
-0.68 0.010693
-0.66 0.010693
-0.64 0.010693
-0.62 0.010693
-0.60 0.010693
-0.58 0.010693
-0.56 0.010693
-0.54 0.010693
-0.52 0.010693
-0.50 0.010693
-0.48 0.010693
-0.46 0.010693
-0.44 0.010693
-0.42 0.010693
-0.40 0.010693
-0.38 0.010693
-0.36 0.010693
-0.34 0.010693
-0.32 0.010693
-0.30 0.010693
-0.28 0.010693
-0.26 0.010693
-0.24 0.010693
-0.22 0.010693
-0.20 0.010693
-0.18 0.010693
-0.16 0.010693
-0.14 0.010693
-0.12 0.010693
-0.10 0.010693
-0.08 0.010693
-0.06 0.010693
-0.04 0.010693
-0.02 0.010693
0.00 0.010693
0.02 0.010693
0.04 0.010693
0.06 0.010693
0.08 0.010693
0.10 0.010693
0.12 0.010693
0.14 0.010693
0.16 0.010693
0.18 0.010693
0.20 0.010693
0.22 0.010693
0.24 0.010693
0.26 0.010693
0.28 0.010693
0.30 0.010693
0.32 0.010693
0.34 0.010693
0.36 0.010693
0.38 0.010693
0.40 0.010693
0.42 0.010693
0.44 0.010693
0.46 0.010693
0.48 0.010693
0.50 0.010693
0.52 0.010693
0.54 0.010693
0.56 0.010693
0.58 0.010693
0.60 0.010693
0.62 0.010693
0.64 0.010693
0.66 0.010693
0.68 0.010693
0.70 0.010693
0.72 0.010693
0.74 0.010693
0.76 0.010693
0.78 0.010693
0.80 0.010693
0.82 0.010693
0.84 0.010693
0.86 0.010693
0.88 0.010693
0.90 0.010693
0.92 0.010693
0.94 0.010693
0.96 0.010693
0.98 0.010693
1.00 0.010693
1.02 0.010693
1.04 0.010693
-1.04 0.012504
-1.02 0.012504
-1.00 0.012504
-0.98 0.012504
-0.96 0.012504
-0.94 0.012504
-0.92 0.012504
-0.90 0.012504
-0.88 0.012504
-0.86 0.012504
-0.84 0.012504
-0.82 0.012504
-0.80 0.012504
-0.78 0.012504
-0.76 0.012504
-0.74 0.012504
-0.72 0.012504
-0.70 0.012504
-0.68 0.012504
-0.66 0.012504
-0.64 0.012504
-0.62 0.012504
-0.60 0.012504
-0.58 0.012504
-0.56 0.012504
-0.54 0.012504
-0.52 0.012504
-0.50 0.012504
-0.48 0.012504
-0.46 0.012504
-0.44 0.012504
-0.42 0.012504
-0.40 0.012504
-0.38 0.012504
-0.36 0.012504
-0.34 0.012504
-0.32 0.012504
-0.30 0.012504
-0.28 0.012504
-0.26 0.012504
-0.24 0.012504
-0.22 0.012504
-0.20 0.012504
-0.18 0.012504
-0.16 0.012504
-0.14 0.012504
-0.12 0.012504
-0.10 0.012504
-0.08 0.012504
-0.06 0.012504
-0.04 0.012504
-0.02 0.012504
0.00 0.012504
0.02 0.012504
0.04 0.012504
0.06 0.012504
0.08 0.012504
0.10 0.012504
0.12 0.012504
0.14 0.012504
0.16 0.012504
0.18 0.012504
0.20 0.012504
0.22 0.012504
0.24 0.012504
0.26 0.012504
0.28 0.012504
0.30 0.012504
0.32 0.012504
0.34 0.012504
0.36 0.012504
0.38 0.012504
0.40 0.012504
0.42 0.012504
0.44 0.012504
0.46 0.012504
0.48 0.012504
0.50 0.012504
0.52 0.012504
0.54 0.012504
0.56 0.012504
0.58 0.012504
0.60 0.012504
0.62 0.012504
0.64 0.012504
0.66 0.012504
0.68 0.012504
0.70 0.012504
0.72 0.012504
0.74 0.012504
0.76 0.012504
0.78 0.012504
0.80 0.012504
0.82 0.012504
0.84 0.012504
0.86 0.012504
0.88 0.012504
0.90 0.012504
0.92 0.012504
0.94 0.012504
0.96 0.012504
0.98 0.012504
1.00 0.012504
1.02 0.012504
1.04 0.012504
-1.04 0.014623
-1.02 0.014623
-1.00 0.014623
-0.98 0.014623
-0.96 0.014623
-0.94 0.014623
-0.92 0.014623
-0.90 0.014623
-0.88 0.014623
-0.86 0.014623
-0.84 0.014623
-0.82 0.014623
-0.80 0.014623
-0.78 0.014623
-0.76 0.014623
-0.74 0.014623
-0.72 0.014623
-0.70 0.014623
-0.68 0.014623
-0.66 0.014623
-0.64 0.014623
-0.62 0.014623
-0.60 0.014623
-0.58 0.014623
-0.56 0.014623
-0.54 0.014623
-0.52 0.014623
-0.50 0.014623
-0.48 0.014623
-0.46 0.014623
-0.44 0.014623
-0.42 0.014623
-0.40 0.014623
-0.38 0.014623
-0.36 0.014623
-0.34 0.014623
-0.32 0.014623
-0.30 0.014623
-0.28 0.014623
-0.26 0.014623
-0.24 0.014623
-0.22 0.014623
-0.20 0.014623
-0.18 0.014623
-0.16 0.014623
-0.14 0.014623
-0.12 0.014623
-0.10 0.014623
-0.08 0.014623
-0.06 0.014623
-0.04 0.014623
-0.02 0.014623
0.00 0.014623
0.02 0.014623
0.04 0.014623
0.06 0.014623
0.08 0.014623
0.10 0.014623
0.12 0.014623
0.14 0.014623
0.16 0.014623
0.18 0.014623
0.20 0.014623
0.22 0.014623
0.24 0.014623
0.26 0.014623
0.28 0.014623
0.30 0.014623
0.32 0.014623
0.34 0.014623
0.36 0.014623
0.38 0.014623
0.40 0.014623
0.42 0.014623
0.44 0.014623
0.46 0.014623
0.48 0.014623
0.50 0.014623
0.52 0.014623
0.54 0.014623
0.56 0.014623
0.58 0.014623
0.60 0.014623
0.62 0.014623
0.64 0.014623
0.66 0.014623
0.68 0.014623
0.70 0.014623
0.72 0.014623
0.74 0.014623
0.76 0.014623
0.78 0.014623
0.80 0.014623
0.82 0.014623
0.84 0.014623
0.86 0.014623
0.88 0.014623
0.90 0.014623
0.92 0.014623
0.94 0.014623
0.96 0.014623
0.98 0.014623
1.00 0.014623
1.02 0.014623
1.04 0.014623
-1.04 0.017100
-1.02 0.017100
-1.00 0.017100
-0.98 0.017100
-0.96 0.017100
-0.94 0.017100
-0.92 0.017100
-0.90 0.017100
-0.88 0.017100
-0.86 0.017100
-0.84 0.017100
-0.82 0.017100
-0.80 0.017100
-0.78 0.017100
-0.76 0.017100
-0.74 0.017100
-0.72 0.017100
-0.70 0.017100
-0.68 0.017100
-0.66 0.017100
-0.64 0.017100
-0.62 0.017100
-0.60 0.017100
-0.58 0.017100
-0.56 0.017100
-0.54 0.017100
-0.52 0.017100
-0.50 0.017100
-0.48 0.017100
-0.46 0.017100
-0.44 0.017100
-0.42 0.017100
-0.40 0.017100
-0.38 0.017100
-0.36 0.017100
-0.34 0.017100
-0.32 0.017100
-0.30 0.017100
-0.28 0.017100
-0.26 0.017100
-0.24 0.017100
-0.22 0.017100
-0.20 0.017100
-0.18 0.017100
-0.16 0.017100
-0.14 0.017100
-0.12 0.017100
-0.10 0.017100
-0.08 0.017100
-0.06 0.017100
-0.04 0.017100
-0.02 0.017100
0.00 0.017100
0.02 0.017100
0.04 0.017100
0.06 0.017100
0.08 0.017100
0.10 0.017100
0.12 0.017100
0.14 0.017100
0.16 0.017100
0.18 0.017100
0.20 0.017100
0.22 0.017100
0.24 0.017100
0.26 0.017100
0.28 0.017100
0.30 0.017100
0.32 0.017100
0.34 0.017100
0.36 0.017100
0.38 0.017100
0.40 0.017100
0.42 0.017100
0.44 0.017100
0.46 0.017100
0.48 0.017100
0.50 0.017100
0.52 0.017100
0.54 0.017100
0.56 0.017100
0.58 0.017100
0.60 0.017100
0.62 0.017100
0.64 0.017100
0.66 0.017100
0.68 0.017100
0.70 0.017100
0.72 0.017100
0.74 0.017100
0.76 0.017100
0.78 0.017100
0.80 0.017100
0.82 0.017100
0.84 0.017100
0.86 0.017100
0.88 0.017100
0.90 0.017100
0.92 0.017100
0.94 0.017100
0.96 0.017100
0.98 0.017100
1.00 0.017100
1.02 0.017100
1.04 0.017100
-1.04 0.019996
-1.02 0.019996
-1.00 0.019996
-0.98 0.019996
-0.96 0.019996
-0.94 0.019996
-0.92 0.019996
-0.90 0.019996
-0.88 0.019996
-0.86 0.019996
-0.84 0.019996
-0.82 0.019996
-0.80 0.019996
-0.78 0.019996
-0.76 0.019996
-0.74 0.019996
-0.72 0.019996
-0.70 0.019996
-0.68 0.019996
-0.66 0.019996
-0.64 0.019996
-0.62 0.019996
-0.60 0.019996
-0.58 0.019996
-0.56 0.019996
-0.54 0.019996
-0.52 0.019996
-0.50 0.019996
-0.48 0.019996
-0.46 0.019996
-0.44 0.019996
-0.42 0.019996
-0.40 0.019996
-0.38 0.019996
-0.36 0.019996
-0.34 0.019996
-0.32 0.019996
-0.30 0.019996
-0.28 0.019996
-0.26 0.019996
-0.24 0.019996
-0.22 0.019996
-0.20 0.019996
-0.18 0.019996
-0.16 0.019996
-0.14 0.019996
-0.12 0.019996
-0.10 0.019996
-0.08 0.019996
-0.06 0.019996
-0.04 0.019996
-0.02 0.019996
0.00 0.019996
0.02 0.019996
0.04 0.019996
0.06 0.019996
0.08 0.019996
0.10 0.019996
0.12 0.019996
0.14 0.019996
0.16 0.019996
0.18 0.019996
0.20 0.019996
0.22 0.019996
0.24 0.019996
0.26 0.019996
0.28 0.019996
0.30 0.019996
0.32 0.019996
0.34 0.019996
0.36 0.019996
0.38 0.019996
0.40 0.019996
0.42 0.019996
0.44 0.019996
0.46 0.019996
0.48 0.019996
0.50 0.019996
0.52 0.019996
0.54 0.019996
0.56 0.019996
0.58 0.019996
0.60 0.019996
0.62 0.019996
0.64 0.019996
0.66 0.019996
0.68 0.019996
0.70 0.019996
0.72 0.019996
0.74 0.019996
0.76 0.019996
0.78 0.019996
0.80 0.019996
0.82 0.019996
0.84 0.019996
0.86 0.019996
0.88 0.019996
0.90 0.019996
0.92 0.019996
0.94 0.019996
0.96 0.019996
0.98 0.019996
1.00 0.019996
1.02 0.019996
1.04 0.019996
-1.04 0.023384
-1.02 0.023384
-1.00 0.023384
-0.98 0.023384
-0.96 0.023384
-0.94 0.023384
-0.92 0.023384
-0.90 0.023384
-0.88 0.023384
-0.86 0.023384
-0.84 0.023384
-0.82 0.023384
-0.80 0.023384
-0.78 0.023384
-0.76 0.023384
-0.74 0.023384
-0.72 0.023384
-0.70 0.023384
-0.68 0.023384
-0.66 0.023384
-0.64 0.023384
-0.62 0.023384
-0.60 0.023384
-0.58 0.023384
-0.56 0.023384
-0.54 0.023384
-0.52 0.023384
-0.50 0.023384
-0.48 0.023384
-0.46 0.023384
-0.44 0.023384
-0.42 0.023384
-0.40 0.023384
-0.38 0.023384
-0.36 0.023384
-0.34 0.023384
-0.32 0.023384
-0.30 0.023384
-0.28 0.023384
-0.26 0.023384
-0.24 0.023384
-0.22 0.023384
-0.20 0.023384
-0.18 0.023384
-0.16 0.023384
-0.14 0.023384
-0.12 0.023384
-0.10 0.023384
-0.08 0.023384
-0.06 0.023384
-0.04 0.023384
-0.02 0.023384
0.00 0.023384
0.02 0.023384
0.04 0.023384
0.06 0.023384
0.08 0.023384
0.10 0.023384
0.12 0.023384
0.14 0.023384
0.16 0.023384
0.18 0.023384
0.20 0.023384
0.22 0.023384
0.24 0.023384
0.26 0.023384
0.28 0.023384
0.30 0.023384
0.32 0.023384
0.34 0.023384
0.36 0.023384
0.38 0.023384
0.40 0.023384
0.42 0.023384
0.44 0.023384
0.46 0.023384
0.48 0.023384
0.50 0.023384
0.52 0.023384
0.54 0.023384
0.56 0.023384
0.58 0.023384
0.60 0.023384
0.62 0.023384
0.64 0.023384
0.66 0.023384
0.68 0.023384
0.70 0.023384
0.72 0.023384
0.74 0.023384
0.76 0.023384
0.78 0.023384
0.80 0.023384
0.82 0.023384
0.84 0.023384
0.86 0.023384
0.88 0.023384
0.90 0.023384
0.92 0.023384
0.94 0.023384
0.96 0.023384
0.98 0.023384
1.00 0.023384
1.02 0.023384
1.04 0.023384
-1.04 0.027345
-1.02 0.027345
-1.00 0.027345
-0.98 0.027345
-0.96 0.027345
-0.94 0.027345
-0.92 0.027345
-0.90 0.027345
-0.88 0.027345
-0.86 0.027345
-0.84 0.027345
-0.82 0.027345
-0.80 0.027345
-0.78 0.027345
-0.76 0.027345
-0.74 0.027345
-0.72 0.027345
-0.70 0.027345
-0.68 0.027345
-0.66 0.027345
-0.64 0.027345
-0.62 0.027345
-0.60 0.027345
-0.58 0.027345
-0.56 0.027345
-0.54 0.027345
-0.52 0.027345
-0.50 0.027345
-0.48 0.027345
-0.46 0.027345
-0.44 0.027345
-0.42 0.027345
-0.40 0.027345
-0.38 0.027345
-0.36 0.027345
-0.34 0.027345
-0.32 0.027345
-0.30 0.027345
-0.28 0.027345
-0.26 0.027345
-0.24 0.027345
-0.22 0.027345
-0.20 0.027345
-0.18 0.027345
-0.16 0.027345
-0.14 0.027345
-0.12 0.027345
-0.10 0.027345
-0.08 0.027345
-0.06 0.027345
-0.04 0.027345
-0.02 0.027345
0.00 0.027345
0.02 0.027345
0.04 0.027345
0.06 0.027345
0.08 0.027345
0.10 0.027345
0.12 0.027345
0.14 0.027345
0.16 0.027345
0.18 0.027345
0.20 0.027345
0.22 0.027345
0.24 0.027345
0.26 0.027345
0.28 0.027345
0.30 0.027345
0.32 0.027345
0.34 0.027345
0.36 0.027345
0.38 0.027345
0.40 0.027345
0.42 0.027345
0.44 0.027345
0.46 0.027345
0.48 0.027345
0.50 0.027345
0.52 0.027345
0.54 0.027345
0.56 0.027345
0.58 0.027345
0.60 0.027345
0.62 0.027345
0.64 0.027345
0.66 0.027345
0.68 0.027345
0.70 0.027345
0.72 0.027345
0.74 0.027345
0.76 0.027345
0.78 0.027345
0.80 0.027345
0.82 0.027345
0.84 0.027345
0.86 0.027345
0.88 0.027345
0.90 0.027345
0.92 0.027345
0.94 0.027345
0.96 0.027345
0.98 0.027345
1.00 0.027345
1.02 0.027345
1.04 0.027345
-1.04 0.031977
-1.02 0.031977
-1.00 0.031977
-0.98 0.031977
-0.96 0.031977
-0.94 0.031977
-0.92 0.031977
-0.90 0.031977
-0.88 0.031977
-0.86 0.031977
-0.84 0.031977
-0.82 0.031977
-0.80 0.031977
-0.78 0.031977
-0.76 0.031977
-0.74 0.031977
-0.72 0.031977
-0.70 0.031977
-0.68 0.031977
-0.66 0.031977
-0.64 0.031977
-0.62 0.031977
-0.60 0.031977
-0.58 0.031977
-0.56 0.031977
-0.54 0.031977
-0.52 0.031977
-0.50 0.031977
-0.48 0.031977
-0.46 0.031977
-0.44 0.031977
-0.42 0.031977
-0.40 0.031977
-0.38 0.031977
-0.36 0.031977
-0.34 0.031977
-0.32 0.031977
-0.30 0.031977
-0.28 0.031977
-0.26 0.031977
-0.24 0.031977
-0.22 0.031977
-0.20 0.031977
-0.18 0.031977
-0.16 0.031977
-0.14 0.031977
-0.12 0.031977
-0.10 0.031977
-0.08 0.031977
-0.06 0.031977
-0.04 0.031977
-0.02 0.031977
0.00 0.031977
0.02 0.031977
0.04 0.031977
0.06 0.031977
0.08 0.031977
0.10 0.031977
0.12 0.031977
0.14 0.031977
0.16 0.031977
0.18 0.031977
0.20 0.031977
0.22 0.031977
0.24 0.031977
0.26 0.031977
0.28 0.031977
0.30 0.031977
0.32 0.031977
0.34 0.031977
0.36 0.031977
0.38 0.031977
0.40 0.031977
0.42 0.031977
0.44 0.031977
0.46 0.031977
0.48 0.031977
0.50 0.031977
0.52 0.031977
0.54 0.031977
0.56 0.031977
0.58 0.031977
0.60 0.031977
0.62 0.031977
0.64 0.031977
0.66 0.031977
0.68 0.031977
0.70 0.031977
0.72 0.031977
0.74 0.031977
0.76 0.031977
0.78 0.031977
0.80 0.031977
0.82 0.031977
0.84 0.031977
0.86 0.031977
0.88 0.031977
0.90 0.031977
0.92 0.031977
0.94 0.031977
0.96 0.031977
0.98 0.031977
1.00 0.031977
1.02 0.031977
1.04 0.031977
-1.04 0.037394
-1.02 0.037394
-1.00 0.037394
-0.98 0.037394
-0.96 0.037394
-0.94 0.037394
-0.92 0.037394
-0.90 0.037394
-0.88 0.037394
-0.86 0.037394
-0.84 0.037394
-0.82 0.037394
-0.80 0.037394
-0.78 0.037394
-0.76 0.037394
-0.74 0.037394
-0.72 0.037394
-0.70 0.037394
-0.68 0.037394
-0.66 0.037394
-0.64 0.037394
-0.62 0.037394
-0.60 0.037394
-0.58 0.037394
-0.56 0.037394
-0.54 0.037394
-0.52 0.037394
-0.50 0.037394
-0.48 0.037394
-0.46 0.037394
-0.44 0.037394
-0.42 0.037394
-0.40 0.037394
-0.38 0.037394
-0.36 0.037394
-0.34 0.037394
-0.32 0.037394
-0.30 0.037394
-0.28 0.037394
-0.26 0.037394
-0.24 0.037394
-0.22 0.037394
-0.20 0.037394
-0.18 0.037394
-0.16 0.037394
-0.14 0.037394
-0.12 0.037394
-0.10 0.037394
-0.08 0.037394
-0.06 0.037394
-0.04 0.037394
-0.02 0.037394
0.00 0.037394
0.02 0.037394
0.04 0.037394
0.06 0.037394
0.08 0.037394
0.10 0.037394
0.12 0.037394
0.14 0.037394
0.16 0.037394
0.18 0.037394
0.20 0.037394
0.22 0.037394
0.24 0.037394
0.26 0.037394
0.28 0.037394
0.30 0.037394
0.32 0.037394
0.34 0.037394
0.36 0.037394
0.38 0.037394
0.40 0.037394
0.42 0.037394
0.44 0.037394
0.46 0.037394
0.48 0.037394
0.50 0.037394
0.52 0.037394
0.54 0.037394
0.56 0.037394
0.58 0.037394
0.60 0.037394
0.62 0.037394
0.64 0.037394
0.66 0.037394
0.68 0.037394
0.70 0.037394
0.72 0.037394
0.74 0.037394
0.76 0.037394
0.78 0.037394
0.80 0.037394
0.82 0.037394
0.84 0.037394
0.86 0.037394
0.88 0.037394
0.90 0.037394
0.92 0.037394
0.94 0.037394
0.96 0.037394
0.98 0.037394
1.00 0.037394
1.02 0.037394
1.04 0.037394
-1.04 0.043728
-1.02 0.043728
-1.00 0.043728
-0.98 0.043728
-0.96 0.043728
-0.94 0.043728
-0.92 0.043728
-0.90 0.043728
-0.88 0.043728
-0.86 0.043728
-0.84 0.043728
-0.82 0.043728
-0.80 0.043728
-0.78 0.043728
-0.76 0.043728
-0.74 0.043728
-0.72 0.043728
-0.70 0.043728
-0.68 0.043728
-0.66 0.043728
-0.64 0.043728
-0.62 0.043728
-0.60 0.043728
-0.58 0.043728
-0.56 0.043728
-0.54 0.043728
-0.52 0.043728
-0.50 0.043728
-0.48 0.043728
-0.46 0.043728
-0.44 0.043728
-0.42 0.043728
-0.40 0.043728
-0.38 0.043728
-0.36 0.043728
-0.34 0.043728
-0.32 0.043728
-0.30 0.043728
-0.28 0.043728
-0.26 0.043728
-0.24 0.043728
-0.22 0.043728
-0.20 0.043728
-0.18 0.043728
-0.16 0.043728
-0.14 0.043728
-0.12 0.043728
-0.10 0.043728
-0.08 0.043728
-0.06 0.043728
-0.04 0.043728
-0.02 0.043728
0.00 0.043728
0.02 0.043728
0.04 0.043728
0.06 0.043728
0.08 0.043728
0.10 0.043728
0.12 0.043728
0.14 0.043728
0.16 0.043728
0.18 0.043728
0.20 0.043728
0.22 0.043728
0.24 0.043728
0.26 0.043728
0.28 0.043728
0.30 0.043728
0.32 0.043728
0.34 0.043728
0.36 0.043728
0.38 0.043728
0.40 0.043728
0.42 0.043728
0.44 0.043728
0.46 0.043728
0.48 0.043728
0.50 0.043728
0.52 0.043728
0.54 0.043728
0.56 0.043728
0.58 0.043728
0.60 0.043728
0.62 0.043728
0.64 0.043728
0.66 0.043728
0.68 0.043728
0.70 0.043728
0.72 0.043728
0.74 0.043728
0.76 0.043728
0.78 0.043728
0.80 0.043728
0.82 0.043728
0.84 0.043728
0.86 0.043728
0.88 0.043728
0.90 0.043728
0.92 0.043728
0.94 0.043728
0.96 0.043728
0.98 0.043728
1.00 0.043728
1.02 0.043728
1.04 0.043728
-1.04 0.051136
-1.02 0.051136
-1.00 0.051136
-0.98 0.051136
-0.96 0.051136
-0.94 0.051136
-0.92 0.051136
-0.90 0.051136
-0.88 0.051136
-0.86 0.051136
-0.84 0.051136
-0.82 0.051136
-0.80 0.051136
-0.78 0.051136
-0.76 0.051136
-0.74 0.051136
-0.72 0.051136
-0.70 0.051136
-0.68 0.051136
-0.66 0.051136
-0.64 0.051136
-0.62 0.051136
-0.60 0.051136
-0.58 0.051136
-0.56 0.051136
-0.54 0.051136
-0.52 0.051136
-0.50 0.051136
-0.48 0.051136
-0.46 0.051136
-0.44 0.051136
-0.42 0.051136
-0.40 0.051136
-0.38 0.051136
-0.36 0.051136
-0.34 0.051136
-0.32 0.051136
-0.30 0.051136
-0.28 0.051136
-0.26 0.051136
-0.24 0.051136
-0.22 0.051136
-0.20 0.051136
-0.18 0.051136
-0.16 0.051136
-0.14 0.051136
-0.12 0.051136
-0.10 0.051136
-0.08 0.051136
-0.06 0.051136
-0.04 0.051136
-0.02 0.051136
0.00 0.051136
0.02 0.051136
0.04 0.051136
0.06 0.051136
0.08 0.051136
0.10 0.051136
0.12 0.051136
0.14 0.051136
0.16 0.051136
0.18 0.051136
0.20 0.051136
0.22 0.051136
0.24 0.051136
0.26 0.051136
0.28 0.051136
0.30 0.051136
0.32 0.051136
0.34 0.051136
0.36 0.051136
0.38 0.051136
0.40 0.051136
0.42 0.051136
0.44 0.051136
0.46 0.051136
0.48 0.051136
0.50 0.051136
0.52 0.051136
0.54 0.051136
0.56 0.051136
0.58 0.051136
0.60 0.051136
0.62 0.051136
0.64 0.051136
0.66 0.051136
0.68 0.051136
0.70 0.051136
0.72 0.051136
0.74 0.051136
0.76 0.051136
0.78 0.051136
0.80 0.051136
0.82 0.051136
0.84 0.051136
0.86 0.051136
0.88 0.051136
0.90 0.051136
0.92 0.051136
0.94 0.051136
0.96 0.051136
0.98 0.051136
1.00 0.051136
1.02 0.051136
1.04 0.051136
-1.04 0.059798
-1.02 0.059798
-1.00 0.059798
-0.98 0.059798
-0.96 0.059798
-0.94 0.059798
-0.92 0.059798
-0.90 0.059798
-0.88 0.059798
-0.86 0.059798
-0.84 0.059798
-0.82 0.059798
-0.80 0.059798
-0.78 0.059798
-0.76 0.059798
-0.74 0.059798
-0.72 0.059798
-0.70 0.059798
-0.68 0.059798
-0.66 0.059798
-0.64 0.059798
-0.62 0.059798
-0.60 0.059798
-0.58 0.059798
-0.56 0.059798
-0.54 0.059798
-0.52 0.059798
-0.50 0.059798
-0.48 0.059798
-0.46 0.059798
-0.44 0.059798
-0.42 0.059798
-0.40 0.059798
-0.38 0.059798
-0.36 0.059798
-0.34 0.059798
-0.32 0.059798
-0.30 0.059798
-0.28 0.059798
-0.26 0.059798
-0.24 0.059798
-0.22 0.059798
-0.20 0.059798
-0.18 0.059798
-0.16 0.059798
-0.14 0.059798
-0.12 0.059798
-0.10 0.059798
-0.08 0.059798
-0.06 0.059798
-0.04 0.059798
-0.02 0.059798
0.00 0.059798
0.02 0.059798
0.04 0.059798
0.06 0.059798
0.08 0.059798
0.10 0.059798
0.12 0.059798
0.14 0.059798
0.16 0.059798
0.18 0.059798
0.20 0.059798
0.22 0.059798
0.24 0.059798
0.26 0.059798
0.28 0.059798
0.30 0.059798
0.32 0.059798
0.34 0.059798
0.36 0.059798
0.38 0.059798
0.40 0.059798
0.42 0.059798
0.44 0.059798
0.46 0.059798
0.48 0.059798
0.50 0.059798
0.52 0.059798
0.54 0.059798
0.56 0.059798
0.58 0.059798
0.60 0.059798
0.62 0.059798
0.64 0.059798
0.66 0.059798
0.68 0.059798
0.70 0.059798
0.72 0.059798
0.74 0.059798
0.76 0.059798
0.78 0.059798
0.80 0.059798
0.82 0.059798
0.84 0.059798
0.86 0.059798
0.88 0.059798
0.90 0.059798
0.92 0.059798
0.94 0.059798
0.96 0.059798
0.98 0.059798
1.00 0.059798
1.02 0.059798
1.04 0.059798
-1.04 0.069927
-1.02 0.069927
-1.00 0.069927
-0.98 0.069927
-0.96 0.069927
-0.94 0.069927
-0.92 0.069927
-0.90 0.069927
-0.88 0.069927
-0.86 0.069927
-0.84 0.069927
-0.82 0.069927
-0.80 0.069927
-0.78 0.069927
-0.76 0.069927
-0.74 0.069927
-0.72 0.069927
-0.70 0.069927
-0.68 0.069927
-0.66 0.069927
-0.64 0.069927
-0.62 0.069927
-0.60 0.069927
-0.58 0.069927
-0.56 0.069927
-0.54 0.069927
-0.52 0.069927
-0.50 0.069927
-0.48 0.069927
-0.46 0.069927
-0.44 0.069927
-0.42 0.069927
-0.40 0.069927
-0.38 0.069927
-0.36 0.069927
-0.34 0.069927
-0.32 0.069927
-0.30 0.069927
-0.28 0.069927
-0.26 0.069927
-0.24 0.069927
-0.22 0.069927
-0.20 0.069927
-0.18 0.069927
-0.16 0.069927
-0.14 0.069927
-0.12 0.069927
-0.10 0.069927
-0.08 0.069927
-0.06 0.069927
-0.04 0.069927
-0.02 0.069927
0.00 0.069927
0.02 0.069927
0.04 0.069927
0.06 0.069927
0.08 0.069927
0.10 0.069927
0.12 0.069927
0.14 0.069927
0.16 0.069927
0.18 0.069927
0.20 0.069927
0.22 0.069927
0.24 0.069927
0.26 0.069927
0.28 0.069927
0.30 0.069927
0.32 0.069927
0.34 0.069927
0.36 0.069927
0.38 0.069927
0.40 0.069927
0.42 0.069927
0.44 0.069927
0.46 0.069927
0.48 0.069927
0.50 0.069927
0.52 0.069927
0.54 0.069927
0.56 0.069927
0.58 0.069927
0.60 0.069927
0.62 0.069927
0.64 0.069927
0.66 0.069927
0.68 0.069927
0.70 0.069927
0.72 0.069927
0.74 0.069927
0.76 0.069927
0.78 0.069927
0.80 0.069927
0.82 0.069927
0.84 0.069927
0.86 0.069927
0.88 0.069927
0.90 0.069927
0.92 0.069927
0.94 0.069927
0.96 0.069927
0.98 0.069927
1.00 0.069927
1.02 0.069927
1.04 0.069927
-1.04 0.081773
-1.02 0.081773
-1.00 0.081773
-0.98 0.081773
-0.96 0.081773
-0.94 0.081773
-0.92 0.081773
-0.90 0.081773
-0.88 0.081773
-0.86 0.081773
-0.84 0.081773
-0.82 0.081773
-0.80 0.081773
-0.78 0.081773
-0.76 0.081773
-0.74 0.081773
-0.72 0.081773
-0.70 0.081773
-0.68 0.081773
-0.66 0.081773
-0.64 0.081773
-0.62 0.081773
-0.60 0.081773
-0.58 0.081773
-0.56 0.081773
-0.54 0.081773
-0.52 0.081773
-0.50 0.081773
-0.48 0.081773
-0.46 0.081773
-0.44 0.081773
-0.42 0.081773
-0.40 0.081773
-0.38 0.081773
-0.36 0.081773
-0.34 0.081773
-0.32 0.081773
-0.30 0.081773
-0.28 0.081773
-0.26 0.081773
-0.24 0.081773
-0.22 0.081773
-0.20 0.081773
-0.18 0.081773
-0.16 0.081773
-0.14 0.081773
-0.12 0.081773
-0.10 0.081773
-0.08 0.081773
-0.06 0.081773
-0.04 0.081773
-0.02 0.081773
0.00 0.081773
0.02 0.081773
0.04 0.081773
0.06 0.081773
0.08 0.081773
0.10 0.081773
0.12 0.081773
0.14 0.081773
0.16 0.081773
0.18 0.081773
0.20 0.081773
0.22 0.081773
0.24 0.081773
0.26 0.081773
0.28 0.081773
0.30 0.081773
0.32 0.081773
0.34 0.081773
0.36 0.081773
0.38 0.081773
0.40 0.081773
0.42 0.081773
0.44 0.081773
0.46 0.081773
0.48 0.081773
0.50 0.081773
0.52 0.081773
0.54 0.081773
0.56 0.081773
0.58 0.081773
0.60 0.081773
0.62 0.081773
0.64 0.081773
0.66 0.081773
0.68 0.081773
0.70 0.081773
0.72 0.081773
0.74 0.081773
0.76 0.081773
0.78 0.081773
0.80 0.081773
0.82 0.081773
0.84 0.081773
0.86 0.081773
0.88 0.081773
0.90 0.081773
0.92 0.081773
0.94 0.081773
0.96 0.081773
0.98 0.081773
1.00 0.081773
1.02 0.081773
1.04 0.081773
-1.04 0.095625
-1.02 0.095625
-1.00 0.095625
-0.98 0.095625
-0.96 0.095625
-0.94 0.095625
-0.92 0.095625
-0.90 0.095625
-0.88 0.095625
-0.86 0.095625
-0.84 0.095625
-0.82 0.095625
-0.80 0.095625
-0.78 0.095625
-0.76 0.095625
-0.74 0.095625
-0.72 0.095625
-0.70 0.095625
-0.68 0.095625
-0.66 0.095625
-0.64 0.095625
-0.62 0.095625
-0.60 0.095625
-0.58 0.095625
-0.56 0.095625
-0.54 0.095625
-0.52 0.095625
-0.50 0.095625
-0.48 0.095625
-0.46 0.095625
-0.44 0.095625
-0.42 0.095625
-0.40 0.095625
-0.38 0.095625
-0.36 0.095625
-0.34 0.095625
-0.32 0.095625
-0.30 0.095625
-0.28 0.095625
-0.26 0.095625
-0.24 0.095625
-0.22 0.095625
-0.20 0.095625
-0.18 0.095625
-0.16 0.095625
-0.14 0.095625
-0.12 0.095625
-0.10 0.095625
-0.08 0.095625
-0.06 0.095625
-0.04 0.095625
-0.02 0.095625
0.00 0.095625
0.02 0.095625
0.04 0.095625
0.06 0.095625
0.08 0.095625
0.10 0.095625
0.12 0.095625
0.14 0.095625
0.16 0.095625
0.18 0.095625
0.20 0.095625
0.22 0.095625
0.24 0.095625
0.26 0.095625
0.28 0.095625
0.30 0.095625
0.32 0.095625
0.34 0.095625
0.36 0.095625
0.38 0.095625
0.40 0.095625
0.42 0.095625
0.44 0.095625
0.46 0.095625
0.48 0.095625
0.50 0.095625
0.52 0.095625
0.54 0.095625
0.56 0.095625
0.58 0.095625
0.60 0.095625
0.62 0.095625
0.64 0.095625
0.66 0.095625
0.68 0.095625
0.70 0.095625
0.72 0.095625
0.74 0.095625
0.76 0.095625
0.78 0.095625
0.80 0.095625
0.82 0.095625
0.84 0.095625
0.86 0.095625
0.88 0.095625
0.90 0.095625
0.92 0.095625
0.94 0.095625
0.96 0.095625
0.98 0.095625
1.00 0.095625
1.02 0.095625
1.04 0.095625
-1.04 0.111823
-1.02 0.111823
-1.00 0.111823
-0.98 0.111823
-0.96 0.111823
-0.94 0.111823
-0.92 0.111823
-0.90 0.111823
-0.88 0.111823
-0.86 0.111823
-0.84 0.111823
-0.82 0.111823
-0.80 0.111823
-0.78 0.111823
-0.76 0.111823
-0.74 0.111823
-0.72 0.111823
-0.70 0.111823
-0.68 0.111823
-0.66 0.111823
-0.64 0.111823
-0.62 0.111823
-0.60 0.111823
-0.58 0.111823
-0.56 0.111823
-0.54 0.111823
-0.52 0.111823
-0.50 0.111823
-0.48 0.111823
-0.46 0.111823
-0.44 0.111823
-0.42 0.111823
-0.40 0.111823
-0.38 0.111823
-0.36 0.111823
-0.34 0.111823
-0.32 0.111823
-0.30 0.111823
-0.28 0.111823
-0.26 0.111823
-0.24 0.111823
-0.22 0.111823
-0.20 0.111823
-0.18 0.111823
-0.16 0.111823
-0.14 0.111823
-0.12 0.111823
-0.10 0.111823
-0.08 0.111823
-0.06 0.111823
-0.04 0.111823
-0.02 0.111823
0.00 0.111823
0.02 0.111823
0.04 0.111823
0.06 0.111823
0.08 0.111823
0.10 0.111823
0.12 0.111823
0.14 0.111823
0.16 0.111823
0.18 0.111823
0.20 0.111823
0.22 0.111823
0.24 0.111823
0.26 0.111823
0.28 0.111823
0.30 0.111823
0.32 0.111823
0.34 0.111823
0.36 0.111823
0.38 0.111823
0.40 0.111823
0.42 0.111823
0.44 0.111823
0.46 0.111823
0.48 0.111823
0.50 0.111823
0.52 0.111823
0.54 0.111823
0.56 0.111823
0.58 0.111823
0.60 0.111823
0.62 0.111823
0.64 0.111823
0.66 0.111823
0.68 0.111823
0.70 0.111823
0.72 0.111823
0.74 0.111823
0.76 0.111823
0.78 0.111823
0.80 0.111823
0.82 0.111823
0.84 0.111823
0.86 0.111823
0.88 0.111823
0.90 0.111823
0.92 0.111823
0.94 0.111823
0.96 0.111823
0.98 0.111823
1.00 0.111823
1.02 0.111823
1.04 0.111823
-1.04 0.130766
-1.02 0.130766
-1.00 0.130766
-0.98 0.130766
-0.96 0.130766
-0.94 0.130766
-0.92 0.130766
-0.90 0.130766
-0.88 0.130766
-0.86 0.130766
-0.84 0.130766
-0.82 0.130766
-0.80 0.130766
-0.78 0.130766
-0.76 0.130766
-0.74 0.130766
-0.72 0.130766
-0.70 0.130766
-0.68 0.130766
-0.66 0.130766
-0.64 0.130766
-0.62 0.130766
-0.60 0.130766
-0.58 0.130766
-0.56 0.130766
-0.54 0.130766
-0.52 0.130766
-0.50 0.130766
-0.48 0.130766
-0.46 0.130766
-0.44 0.130766
-0.42 0.130766
-0.40 0.130766
-0.38 0.130766
-0.36 0.130766
-0.34 0.130766
-0.32 0.130766
-0.30 0.130766
-0.28 0.130766
-0.26 0.130766
-0.24 0.130766
-0.22 0.130766
-0.20 0.130766
-0.18 0.130766
-0.16 0.130766
-0.14 0.130766
-0.12 0.130766
-0.10 0.130766
-0.08 0.130766
-0.06 0.130766
-0.04 0.130766
-0.02 0.130766
0.00 0.130766
0.02 0.130766
0.04 0.130766
0.06 0.130766
0.08 0.130766
0.10 0.130766
0.12 0.130766
0.14 0.130766
0.16 0.130766
0.18 0.130766
0.20 0.130766
0.22 0.130766
0.24 0.130766
0.26 0.130766
0.28 0.130766
0.30 0.130766
0.32 0.130766
0.34 0.130766
0.36 0.130766
0.38 0.130766
0.40 0.130766
0.42 0.130766
0.44 0.130766
0.46 0.130766
0.48 0.130766
0.50 0.130766
0.52 0.130766
0.54 0.130766
0.56 0.130766
0.58 0.130766
0.60 0.130766
0.62 0.130766
0.64 0.130766
0.66 0.130766
0.68 0.130766
0.70 0.130766
0.72 0.130766
0.74 0.130766
0.76 0.130766
0.78 0.130766
0.80 0.130766
0.82 0.130766
0.84 0.130766
0.86 0.130766
0.88 0.130766
0.90 0.130766
0.92 0.130766
0.94 0.130766
0.96 0.130766
0.98 0.130766
1.00 0.130766
1.02 0.130766
1.04 0.130766
-1.04 0.152917
-1.02 0.152917
-1.00 0.152917
-0.98 0.152917
-0.96 0.152917
-0.94 0.152917
-0.92 0.152917
-0.90 0.152917
-0.88 0.152917
-0.86 0.152917
-0.84 0.152917
-0.82 0.152917
-0.80 0.152917
-0.78 0.152917
-0.76 0.152917
-0.74 0.152917
-0.72 0.152917
-0.70 0.152917
-0.68 0.152917
-0.66 0.152917
-0.64 0.152917
-0.62 0.152917
-0.60 0.152917
-0.58 0.152917
-0.56 0.152917
-0.54 0.152917
-0.52 0.152917
-0.50 0.152917
-0.48 0.152917
-0.46 0.152917
-0.44 0.152917
-0.42 0.152917
-0.40 0.152917
-0.38 0.152917
-0.36 0.152917
-0.34 0.152917
-0.32 0.152917
-0.30 0.152917
-0.28 0.152917
-0.26 0.152917
-0.24 0.152917
-0.22 0.152917
-0.20 0.152917
-0.18 0.152917
-0.16 0.152917
-0.14 0.152917
-0.12 0.152917
-0.10 0.152917
-0.08 0.152917
-0.06 0.152917
-0.04 0.152917
-0.02 0.152917
0.00 0.152917
0.02 0.152917
0.04 0.152917
0.06 0.152917
0.08 0.152917
0.10 0.152917
0.12 0.152917
0.14 0.152917
0.16 0.152917
0.18 0.152917
0.20 0.152917
0.22 0.152917
0.24 0.152917
0.26 0.152917
0.28 0.152917
0.30 0.152917
0.32 0.152917
0.34 0.152917
0.36 0.152917
0.38 0.152917
0.40 0.152917
0.42 0.152917
0.44 0.152917
0.46 0.152917
0.48 0.152917
0.50 0.152917
0.52 0.152917
0.54 0.152917
0.56 0.152917
0.58 0.152917
0.60 0.152917
0.62 0.152917
0.64 0.152917
0.66 0.152917
0.68 0.152917
0.70 0.152917
0.72 0.152917
0.74 0.152917
0.76 0.152917
0.78 0.152917
0.80 0.152917
0.82 0.152917
0.84 0.152917
0.86 0.152917
0.88 0.152917
0.90 0.152917
0.92 0.152917
0.94 0.152917
0.96 0.152917
0.98 0.152917
1.00 0.152917
1.02 0.152917
1.04 0.152917
-1.04 0.178821
-1.02 0.178821
-1.00 0.178821
-0.98 0.178821
-0.96 0.178821
-0.94 0.178821
-0.92 0.178821
-0.90 0.178821
-0.88 0.178821
-0.86 0.178821
-0.84 0.178821
-0.82 0.178821
-0.80 0.178821
-0.78 0.178821
-0.76 0.178821
-0.74 0.178821
-0.72 0.178821
-0.70 0.178821
-0.68 0.178821
-0.66 0.178821
-0.64 0.178821
-0.62 0.178821
-0.60 0.178821
-0.58 0.178821
-0.56 0.178821
-0.54 0.178821
-0.52 0.178821
-0.50 0.178821
-0.48 0.178821
-0.46 0.178821
-0.44 0.178821
-0.42 0.178821
-0.40 0.178821
-0.38 0.178821
-0.36 0.178821
-0.34 0.178821
-0.32 0.178821
-0.30 0.178821
-0.28 0.178821
-0.26 0.178821
-0.24 0.178821
-0.22 0.178821
-0.20 0.178821
-0.18 0.178821
-0.16 0.178821
-0.14 0.178821
-0.12 0.178821
-0.10 0.178821
-0.08 0.178821
-0.06 0.178821
-0.04 0.178821
-0.02 0.178821
0.00 0.178821
0.02 0.178821
0.04 0.178821
0.06 0.178821
0.08 0.178821
0.10 0.178821
0.12 0.178821
0.14 0.178821
0.16 0.178821
0.18 0.178821
0.20 0.178821
0.22 0.178821
0.24 0.178821
0.26 0.178821
0.28 0.178821
0.30 0.178821
0.32 0.178821
0.34 0.178821
0.36 0.178821
0.38 0.178821
0.40 0.178821
0.42 0.178821
0.44 0.178821
0.46 0.178821
0.48 0.178821
0.50 0.178821
0.52 0.178821
0.54 0.178821
0.56 0.178821
0.58 0.178821
0.60 0.178821
0.62 0.178821
0.64 0.178821
0.66 0.178821
0.68 0.178821
0.70 0.178821
0.72 0.178821
0.74 0.178821
0.76 0.178821
0.78 0.178821
0.80 0.178821
0.82 0.178821
0.84 0.178821
0.86 0.178821
0.88 0.178821
0.90 0.178821
0.92 0.178821
0.94 0.178821
0.96 0.178821
0.98 0.178821
1.00 0.178821
1.02 0.178821
1.04 0.178821
-1.04 0.209113
-1.02 0.209113
-1.00 0.209113
-0.98 0.209113
-0.96 0.209113
-0.94 0.209113
-0.92 0.209113
-0.90 0.209113
-0.88 0.209113
-0.86 0.209113
-0.84 0.209113
-0.82 0.209113
-0.80 0.209113
-0.78 0.209113
-0.76 0.209113
-0.74 0.209113
-0.72 0.209113
-0.70 0.209113
-0.68 0.209113
-0.66 0.209113
-0.64 0.209113
-0.62 0.209113
-0.60 0.209113
-0.58 0.209113
-0.56 0.209113
-0.54 0.209113
-0.52 0.209113
-0.50 0.209113
-0.48 0.209113
-0.46 0.209113
-0.44 0.209113
-0.42 0.209113
-0.40 0.209113
-0.38 0.209113
-0.36 0.209113
-0.34 0.209113
-0.32 0.209113
-0.30 0.209113
-0.28 0.209113
-0.26 0.209113
-0.24 0.209113
-0.22 0.209113
-0.20 0.209113
-0.18 0.209113
-0.16 0.209113
-0.14 0.209113
-0.12 0.209113
-0.10 0.209113
-0.08 0.209113
-0.06 0.209113
-0.04 0.209113
-0.02 0.209113
0.00 0.209113
0.02 0.209113
0.04 0.209113
0.06 0.209113
0.08 0.209113
0.10 0.209113
0.12 0.209113
0.14 0.209113
0.16 0.209113
0.18 0.209113
0.20 0.209113
0.22 0.209113
0.24 0.209113
0.26 0.209113
0.28 0.209113
0.30 0.209113
0.32 0.209113
0.34 0.209113
0.36 0.209113
0.38 0.209113
0.40 0.209113
0.42 0.209113
0.44 0.209113
0.46 0.209113
0.48 0.209113
0.50 0.209113
0.52 0.209113
0.54 0.209113
0.56 0.209113
0.58 0.209113
0.60 0.209113
0.62 0.209113
0.64 0.209113
0.66 0.209113
0.68 0.209113
0.70 0.209113
0.72 0.209113
0.74 0.209113
0.76 0.209113
0.78 0.209113
0.80 0.209113
0.82 0.209113
0.84 0.209113
0.86 0.209113
0.88 0.209113
0.90 0.209113
0.92 0.209113
0.94 0.209113
0.96 0.209113
0.98 0.209113
1.00 0.209113
1.02 0.209113
1.04 0.209113
-1.04 0.244536
-1.02 0.244536
-1.00 0.244536
-0.98 0.244536
-0.96 0.244536
-0.94 0.244536
-0.92 0.244536
-0.90 0.244536
-0.88 0.244536
-0.86 0.244536
-0.84 0.244536
-0.82 0.244536
-0.80 0.244536
-0.78 0.244536
-0.76 0.244536
-0.74 0.244536
-0.72 0.244536
-0.70 0.244536
-0.68 0.244536
-0.66 0.244536
-0.64 0.244536
-0.62 0.244536
-0.60 0.244536
-0.58 0.244536
-0.56 0.244536
-0.54 0.244536
-0.52 0.244536
-0.50 0.244536
-0.48 0.244536
-0.46 0.244536
-0.44 0.244536
-0.42 0.244536
-0.40 0.244536
-0.38 0.244536
-0.36 0.244536
-0.34 0.244536
-0.32 0.244536
-0.30 0.244536
-0.28 0.244536
-0.26 0.244536
-0.24 0.244536
-0.22 0.244536
-0.20 0.244536
-0.18 0.244536
-0.16 0.244536
-0.14 0.244536
-0.12 0.244536
-0.10 0.244536
-0.08 0.244536
-0.06 0.244536
-0.04 0.244536
-0.02 0.244536
0.00 0.244536
0.02 0.244536
0.04 0.244536
0.06 0.244536
0.08 0.244536
0.10 0.244536
0.12 0.244536
0.14 0.244536
0.16 0.244536
0.18 0.244536
0.20 0.244536
0.22 0.244536
0.24 0.244536
0.26 0.244536
0.28 0.244536
0.30 0.244536
0.32 0.244536
0.34 0.244536
0.36 0.244536
0.38 0.244536
0.40 0.244536
0.42 0.244536
0.44 0.244536
0.46 0.244536
0.48 0.244536
0.50 0.244536
0.52 0.244536
0.54 0.244536
0.56 0.244536
0.58 0.244536
0.60 0.244536
0.62 0.244536
0.64 0.244536
0.66 0.244536
0.68 0.244536
0.70 0.244536
0.72 0.244536
0.74 0.244536
0.76 0.244536
0.78 0.244536
0.80 0.244536
0.82 0.244536
0.84 0.244536
0.86 0.244536
0.88 0.244536
0.90 0.244536
0.92 0.244536
0.94 0.244536
0.96 0.244536
0.98 0.244536
1.00 0.244536
1.02 0.244536
1.04 0.244536
-1.04 0.285960
-1.02 0.285960
-1.00 0.285960
-0.98 0.285960
-0.96 0.285960
-0.94 0.285960
-0.92 0.285960
-0.90 0.285960
-0.88 0.285960
-0.86 0.285960
-0.84 0.285960
-0.82 0.285960
-0.80 0.285960
-0.78 0.285960
-0.76 0.285960
-0.74 0.285960
-0.72 0.285960
-0.70 0.285960
-0.68 0.285960
-0.66 0.285960
-0.64 0.285960
-0.62 0.285960
-0.60 0.285960
-0.58 0.285960
-0.56 0.285960
-0.54 0.285960
-0.52 0.285960
-0.50 0.285960
-0.48 0.285960
-0.46 0.285960
-0.44 0.285960
-0.42 0.285960
-0.40 0.285960
-0.38 0.285960
-0.36 0.285960
-0.34 0.285960
-0.32 0.285960
-0.30 0.285960
-0.28 0.285960
-0.26 0.285960
-0.24 0.285960
-0.22 0.285960
-0.20 0.285960
-0.18 0.285960
-0.16 0.285960
-0.14 0.285960
-0.12 0.285960
-0.10 0.285960
-0.08 0.285960
-0.06 0.285960
-0.04 0.285960
-0.02 0.285960
0.00 0.285960
0.02 0.285960
0.04 0.285960
0.06 0.285960
0.08 0.285960
0.10 0.285960
0.12 0.285960
0.14 0.285960
0.16 0.285960
0.18 0.285960
0.20 0.285960
0.22 0.285960
0.24 0.285960
0.26 0.285960
0.28 0.285960
0.30 0.285960
0.32 0.285960
0.34 0.285960
0.36 0.285960
0.38 0.285960
0.40 0.285960
0.42 0.285960
0.44 0.285960
0.46 0.285960
0.48 0.285960
0.50 0.285960
0.52 0.285960
0.54 0.285960
0.56 0.285960
0.58 0.285960
0.60 0.285960
0.62 0.285960
0.64 0.285960
0.66 0.285960
0.68 0.285960
0.70 0.285960
0.72 0.285960
0.74 0.285960
0.76 0.285960
0.78 0.285960
0.80 0.285960
0.82 0.285960
0.84 0.285960
0.86 0.285960
0.88 0.285960
0.90 0.285960
0.92 0.285960
0.94 0.285960
0.96 0.285960
0.98 0.285960
1.00 0.285960
1.02 0.285960
1.04 0.285960
-1.04 0.334400
-1.02 0.334400
-1.00 0.334400
-0.98 0.334400
-0.96 0.334400
-0.94 0.334400
-0.92 0.334400
-0.90 0.334400
-0.88 0.334400
-0.86 0.334400
-0.84 0.334400
-0.82 0.334400
-0.80 0.334400
-0.78 0.334400
-0.76 0.334400
-0.74 0.334400
-0.72 0.334400
-0.70 0.334400
-0.68 0.334400
-0.66 0.334400
-0.64 0.334400
-0.62 0.334400
-0.60 0.334400
-0.58 0.334400
-0.56 0.334400
-0.54 0.334400
-0.52 0.334400
-0.50 0.334400
-0.48 0.334400
-0.46 0.334400
-0.44 0.334400
-0.42 0.334400
-0.40 0.334400
-0.38 0.334400
-0.36 0.334400
-0.34 0.334400
-0.32 0.334400
-0.30 0.334400
-0.28 0.334400
-0.26 0.334400
-0.24 0.334400
-0.22 0.334400
-0.20 0.334400
-0.18 0.334400
-0.16 0.334400
-0.14 0.334400
-0.12 0.334400
-0.10 0.334400
-0.08 0.334400
-0.06 0.334400
-0.04 0.334400
-0.02 0.334400
0.00 0.334400
0.02 0.334400
0.04 0.334400
0.06 0.334400
0.08 0.334400
0.10 0.334400
0.12 0.334400
0.14 0.334400
0.16 0.334400
0.18 0.334400
0.20 0.334400
0.22 0.334400
0.24 0.334400
0.26 0.334400
0.28 0.334400
0.30 0.334400
0.32 0.334400
0.34 0.334400
0.36 0.334400
0.38 0.334400
0.40 0.334400
0.42 0.334400
0.44 0.334400
0.46 0.334400
0.48 0.334400
0.50 0.334400
0.52 0.334400
0.54 0.334400
0.56 0.334400
0.58 0.334400
0.60 0.334400
0.62 0.334400
0.64 0.334400
0.66 0.334400
0.68 0.334400
0.70 0.334400
0.72 0.334400
0.74 0.334400
0.76 0.334400
0.78 0.334400
0.80 0.334400
0.82 0.334400
0.84 0.334400
0.86 0.334400
0.88 0.334400
0.90 0.334400
0.92 0.334400
0.94 0.334400
0.96 0.334400
0.98 0.334400
1.00 0.334400
1.02 0.334400
1.04 0.334400
-1.04 0.391047
-1.02 0.391047
-1.00 0.391047
-0.98 0.391047
-0.96 0.391047
-0.94 0.391047
-0.92 0.391047
-0.90 0.391047
-0.88 0.391047
-0.86 0.391047
-0.84 0.391047
-0.82 0.391047
-0.80 0.391047
-0.78 0.391047
-0.76 0.391047
-0.74 0.391047
-0.72 0.391047
-0.70 0.391047
-0.68 0.391047
-0.66 0.391047
-0.64 0.391047
-0.62 0.391047
-0.60 0.391047
-0.58 0.391047
-0.56 0.391047
-0.54 0.391047
-0.52 0.391047
-0.50 0.391047
-0.48 0.391047
-0.46 0.391047
-0.44 0.391047
-0.42 0.391047
-0.40 0.391047
-0.38 0.391047
-0.36 0.391047
-0.34 0.391047
-0.32 0.391047
-0.30 0.391047
-0.28 0.391047
-0.26 0.391047
-0.24 0.391047
-0.22 0.391047
-0.20 0.391047
-0.18 0.391047
-0.16 0.391047
-0.14 0.391047
-0.12 0.391047
-0.10 0.391047
-0.08 0.391047
-0.06 0.391047
-0.04 0.391047
-0.02 0.391047
0.00 0.391047
0.02 0.391047
0.04 0.391047
0.06 0.391047
0.08 0.391047
0.10 0.391047
0.12 0.391047
0.14 0.391047
0.16 0.391047
0.18 0.391047
0.20 0.391047
0.22 0.391047
0.24 0.391047
0.26 0.391047
0.28 0.391047
0.30 0.391047
0.32 0.391047
0.34 0.391047
0.36 0.391047
0.38 0.391047
0.40 0.391047
0.42 0.391047
0.44 0.391047
0.46 0.391047
0.48 0.391047
0.50 0.391047
0.52 0.391047
0.54 0.391047
0.56 0.391047
0.58 0.391047
0.60 0.391047
0.62 0.391047
0.64 0.391047
0.66 0.391047
0.68 0.391047
0.70 0.391047
0.72 0.391047
0.74 0.391047
0.76 0.391047
0.78 0.391047
0.80 0.391047
0.82 0.391047
0.84 0.391047
0.86 0.391047
0.88 0.391047
0.90 0.391047
0.92 0.391047
0.94 0.391047
0.96 0.391047
0.98 0.391047
1.00 0.391047
1.02 0.391047
1.04 0.391047
-1.04 0.457289
-1.02 0.457289
-1.00 0.457289
-0.98 0.457289
-0.96 0.457289
-0.94 0.457289
-0.92 0.457289
-0.90 0.457289
-0.88 0.457289
-0.86 0.457289
-0.84 0.457289
-0.82 0.457289
-0.80 0.457289
-0.78 0.457289
-0.76 0.457289
-0.74 0.457289
-0.72 0.457289
-0.70 0.457289
-0.68 0.457289
-0.66 0.457289
-0.64 0.457289
-0.62 0.457289
-0.60 0.457289
-0.58 0.457289
-0.56 0.457289
-0.54 0.457289
-0.52 0.457289
-0.50 0.457289
-0.48 0.457289
-0.46 0.457289
-0.44 0.457289
-0.42 0.457289
-0.40 0.457289
-0.38 0.457289
-0.36 0.457289
-0.34 0.457289
-0.32 0.457289
-0.30 0.457289
-0.28 0.457289
-0.26 0.457289
-0.24 0.457289
-0.22 0.457289
-0.20 0.457289
-0.18 0.457289
-0.16 0.457289
-0.14 0.457289
-0.12 0.457289
-0.10 0.457289
-0.08 0.457289
-0.06 0.457289
-0.04 0.457289
-0.02 0.457289
0.00 0.457289
0.02 0.457289
0.04 0.457289
0.06 0.457289
0.08 0.457289
0.10 0.457289
0.12 0.457289
0.14 0.457289
0.16 0.457289
0.18 0.457289
0.20 0.457289
0.22 0.457289
0.24 0.457289
0.26 0.457289
0.28 0.457289
0.30 0.457289
0.32 0.457289
0.34 0.457289
0.36 0.457289
0.38 0.457289
0.40 0.457289
0.42 0.457289
0.44 0.457289
0.46 0.457289
0.48 0.457289
0.50 0.457289
0.52 0.457289
0.54 0.457289
0.56 0.457289
0.58 0.457289
0.60 0.457289
0.62 0.457289
0.64 0.457289
0.66 0.457289
0.68 0.457289
0.70 0.457289
0.72 0.457289
0.74 0.457289
0.76 0.457289
0.78 0.457289
0.80 0.457289
0.82 0.457289
0.84 0.457289
0.86 0.457289
0.88 0.457289
0.90 0.457289
0.92 0.457289
0.94 0.457289
0.96 0.457289
0.98 0.457289
1.00 0.457289
1.02 0.457289
1.04 0.457289
-1.04 0.534752
-1.02 0.534752
-1.00 0.534752
-0.98 0.534752
-0.96 0.534752
-0.94 0.534752
-0.92 0.534752
-0.90 0.534752
-0.88 0.534752
-0.86 0.534752
-0.84 0.534752
-0.82 0.534752
-0.80 0.534752
-0.78 0.534752
-0.76 0.534752
-0.74 0.534752
-0.72 0.534752
-0.70 0.534752
-0.68 0.534752
-0.66 0.534752
-0.64 0.534752
-0.62 0.534752
-0.60 0.534752
-0.58 0.534752
-0.56 0.534752
-0.54 0.534752
-0.52 0.534752
-0.50 0.534752
-0.48 0.534752
-0.46 0.534752
-0.44 0.534752
-0.42 0.534752
-0.40 0.534752
-0.38 0.534752
-0.36 0.534752
-0.34 0.534752
-0.32 0.534752
-0.30 0.534752
-0.28 0.534752
-0.26 0.534752
-0.24 0.534752
-0.22 0.534752
-0.20 0.534752
-0.18 0.534752
-0.16 0.534752
-0.14 0.534752
-0.12 0.534752
-0.10 0.534752
-0.08 0.534752
-0.06 0.534752
-0.04 0.534752
-0.02 0.534752
0.00 0.534752
0.02 0.534752
0.04 0.534752
0.06 0.534752
0.08 0.534752
0.10 0.534752
0.12 0.534752
0.14 0.534752
0.16 0.534752
0.18 0.534752
0.20 0.534752
0.22 0.534752
0.24 0.534752
0.26 0.534752
0.28 0.534752
0.30 0.534752
0.32 0.534752
0.34 0.534752
0.36 0.534752
0.38 0.534752
0.40 0.534752
0.42 0.534752
0.44 0.534752
0.46 0.534752
0.48 0.534752
0.50 0.534752
0.52 0.534752
0.54 0.534752
0.56 0.534752
0.58 0.534752
0.60 0.534752
0.62 0.534752
0.64 0.534752
0.66 0.534752
0.68 0.534752
0.70 0.534752
0.72 0.534752
0.74 0.534752
0.76 0.534752
0.78 0.534752
0.80 0.534752
0.82 0.534752
0.84 0.534752
0.86 0.534752
0.88 0.534752
0.90 0.534752
0.92 0.534752
0.94 0.534752
0.96 0.534752
0.98 0.534752
1.00 0.534752
1.02 0.534752
1.04 0.534752
-1.04 0.625337
-1.02 0.625337
-1.00 0.625337
-0.98 0.625337
-0.96 0.625337
-0.94 0.625337
-0.92 0.625337
-0.90 0.625337
-0.88 0.625337
-0.86 0.625337
-0.84 0.625337
-0.82 0.625337
-0.80 0.625337
-0.78 0.625337
-0.76 0.625337
-0.74 0.625337
-0.72 0.625337
-0.70 0.625337
-0.68 0.625337
-0.66 0.625337
-0.64 0.625337
-0.62 0.625337
-0.60 0.625337
-0.58 0.625337
-0.56 0.625337
-0.54 0.625337
-0.52 0.625337
-0.50 0.625337
-0.48 0.625337
-0.46 0.625337
-0.44 0.625337
-0.42 0.625337
-0.40 0.625337
-0.38 0.625337
-0.36 0.625337
-0.34 0.625337
-0.32 0.625337
-0.30 0.625337
-0.28 0.625337
-0.26 0.625337
-0.24 0.625337
-0.22 0.625337
-0.20 0.625337
-0.18 0.625337
-0.16 0.625337
-0.14 0.625337
-0.12 0.625337
-0.10 0.625337
-0.08 0.625337
-0.06 0.625337
-0.04 0.625337
-0.02 0.625337
0.00 0.625337
0.02 0.625337
0.04 0.625337
0.06 0.625337
0.08 0.625337
0.10 0.625337
0.12 0.625337
0.14 0.625337
0.16 0.625337
0.18 0.625337
0.20 0.625337
0.22 0.625337
0.24 0.625337
0.26 0.625337
0.28 0.625337
0.30 0.625337
0.32 0.625337
0.34 0.625337
0.36 0.625337
0.38 0.625337
0.40 0.625337
0.42 0.625337
0.44 0.625337
0.46 0.625337
0.48 0.625337
0.50 0.625337
0.52 0.625337
0.54 0.625337
0.56 0.625337
0.58 0.625337
0.60 0.625337
0.62 0.625337
0.64 0.625337
0.66 0.625337
0.68 0.625337
0.70 0.625337
0.72 0.625337
0.74 0.625337
0.76 0.625337
0.78 0.625337
0.80 0.625337
0.82 0.625337
0.84 0.625337
0.86 0.625337
0.88 0.625337
0.90 0.625337
0.92 0.625337
0.94 0.625337
0.96 0.625337
0.98 0.625337
1.00 0.625337
1.02 0.625337
1.04 0.625337
-1.04 0.731267
-1.02 0.731267
-1.00 0.731267
-0.98 0.731267
-0.96 0.731267
-0.94 0.731267
-0.92 0.731267
-0.90 0.731267
-0.88 0.731267
-0.86 0.731267
-0.84 0.731267
-0.82 0.731267
-0.80 0.731267
-0.78 0.731267
-0.76 0.731267
-0.74 0.731267
-0.72 0.731267
-0.70 0.731267
-0.68 0.731267
-0.66 0.731267
-0.64 0.731267
-0.62 0.731267
-0.60 0.731267
-0.58 0.731267
-0.56 0.731267
-0.54 0.731267
-0.52 0.731267
-0.50 0.731267
-0.48 0.731267
-0.46 0.731267
-0.44 0.731267
-0.42 0.731267
-0.40 0.731267
-0.38 0.731267
-0.36 0.731267
-0.34 0.731267
-0.32 0.731267
-0.30 0.731267
-0.28 0.731267
-0.26 0.731267
-0.24 0.731267
-0.22 0.731267
-0.20 0.731267
-0.18 0.731267
-0.16 0.731267
-0.14 0.731267
-0.12 0.731267
-0.10 0.731267
-0.08 0.731267
-0.06 0.731267
-0.04 0.731267
-0.02 0.731267
0.00 0.731267
0.02 0.731267
0.04 0.731267
0.06 0.731267
0.08 0.731267
0.10 0.731267
0.12 0.731267
0.14 0.731267
0.16 0.731267
0.18 0.731267
0.20 0.731267
0.22 0.731267
0.24 0.731267
0.26 0.731267
0.28 0.731267
0.30 0.731267
0.32 0.731267
0.34 0.731267
0.36 0.731267
0.38 0.731267
0.40 0.731267
0.42 0.731267
0.44 0.731267
0.46 0.731267
0.48 0.731267
0.50 0.731267
0.52 0.731267
0.54 0.731267
0.56 0.731267
0.58 0.731267
0.60 0.731267
0.62 0.731267
0.64 0.731267
0.66 0.731267
0.68 0.731267
0.70 0.731267
0.72 0.731267
0.74 0.731267
0.76 0.731267
0.78 0.731267
0.80 0.731267
0.82 0.731267
0.84 0.731267
0.86 0.731267
0.88 0.731267
0.90 0.731267
0.92 0.731267
0.94 0.731267
0.96 0.731267
0.98 0.731267
1.00 0.731267
1.02 0.731267
1.04 0.731267
-1.04 0.855142
-1.02 0.855142
-1.00 0.855142
-0.98 0.855142
-0.96 0.855142
-0.94 0.855142
-0.92 0.855142
-0.90 0.855142
-0.88 0.855142
-0.86 0.855142
-0.84 0.855142
-0.82 0.855142
-0.80 0.855142
-0.78 0.855142
-0.76 0.855142
-0.74 0.855142
-0.72 0.855142
-0.70 0.855142
-0.68 0.855142
-0.66 0.855142
-0.64 0.855142
-0.62 0.855142
-0.60 0.855142
-0.58 0.855142
-0.56 0.855142
-0.54 0.855142
-0.52 0.855142
-0.50 0.855142
-0.48 0.855142
-0.46 0.855142
-0.44 0.855142
-0.42 0.855142
-0.40 0.855142
-0.38 0.855142
-0.36 0.855142
-0.34 0.855142
-0.32 0.855142
-0.30 0.855142
-0.28 0.855142
-0.26 0.855142
-0.24 0.855142
-0.22 0.855142
-0.20 0.855142
-0.18 0.855142
-0.16 0.855142
-0.14 0.855142
-0.12 0.855142
-0.10 0.855142
-0.08 0.855142
-0.06 0.855142
-0.04 0.855142
-0.02 0.855142
0.00 0.855142
0.02 0.855142
0.04 0.855142
0.06 0.855142
0.08 0.855142
0.10 0.855142
0.12 0.855142
0.14 0.855142
0.16 0.855142
0.18 0.855142
0.20 0.855142
0.22 0.855142
0.24 0.855142
0.26 0.855142
0.28 0.855142
0.30 0.855142
0.32 0.855142
0.34 0.855142
0.36 0.855142
0.38 0.855142
0.40 0.855142
0.42 0.855142
0.44 0.855142
0.46 0.855142
0.48 0.855142
0.50 0.855142
0.52 0.855142
0.54 0.855142
0.56 0.855142
0.58 0.855142
0.60 0.855142
0.62 0.855142
0.64 0.855142
0.66 0.855142
0.68 0.855142
0.70 0.855142
0.72 0.855142
0.74 0.855142
0.76 0.855142
0.78 0.855142
0.80 0.855142
0.82 0.855142
0.84 0.855142
0.86 0.855142
0.88 0.855142
0.90 0.855142
0.92 0.855142
0.94 0.855142
0.96 0.855142
0.98 0.855142
1.00 0.855142
1.02 0.855142
1.04 0.855142
-1.04 1.000000
-1.02 1.000000
-1.00 1.000000
-0.98 1.000000
-0.96 1.000000
-0.94 1.000000
-0.92 1.000000
-0.90 1.000000
-0.88 1.000000
-0.86 1.000000
-0.84 1.000000
-0.82 1.000000
-0.80 1.000000
-0.78 1.000000
-0.76 1.000000
-0.74 1.000000
-0.72 1.000000
-0.70 1.000000
-0.68 1.000000
-0.66 1.000000
-0.64 1.000000
-0.62 1.000000
-0.60 1.000000
-0.58 1.000000
-0.56 1.000000
-0.54 1.000000
-0.52 1.000000
-0.50 1.000000
-0.48 1.000000
-0.46 1.000000
-0.44 1.000000
-0.42 1.000000
-0.40 1.000000
-0.38 1.000000
-0.36 1.000000
-0.34 1.000000
-0.32 1.000000
-0.30 1.000000
-0.28 1.000000
-0.26 1.000000
-0.24 1.000000
-0.22 1.000000
-0.20 1.000000
-0.18 1.000000
-0.16 1.000000
-0.14 1.000000
-0.12 1.000000
-0.10 1.000000
-0.08 1.000000
-0.06 1.000000
-0.04 1.000000
-0.02 1.000000
0.00 1.000000
0.02 1.000000
0.04 1.000000
0.06 1.000000
0.08 1.000000
0.10 1.000000
0.12 1.000000
0.14 1.000000
0.16 1.000000
0.18 1.000000
0.20 1.000000
0.22 1.000000
0.24 1.000000
0.26 1.000000
0.28 1.000000
0.30 1.000000
0.32 1.000000
0.34 1.000000
0.36 1.000000
0.38 1.000000
0.40 1.000000
0.42 1.000000
0.44 1.000000
0.46 1.000000
0.48 1.000000
0.50 1.000000
0.52 1.000000
0.54 1.000000
0.56 1.000000
0.58 1.000000
0.60 1.000000
0.62 1.000000
0.64 1.000000
0.66 1.000000
0.68 1.000000
0.70 1.000000
0.72 1.000000
0.74 1.000000
0.76 1.000000
0.78 1.000000
0.80 1.000000
0.82 1.000000
0.84 1.000000
0.86 1.000000
0.88 1.000000
0.90 1.000000
0.92 1.000000
0.94 1.000000
0.96 1.000000
0.98 1.000000
1.00 1.000000
1.02 1.000000
1.04 1.000000
-1.00 1.144858
-0.98 1.144858
-0.96 1.144858
-0.94 1.144858
-0.92 1.144858
-0.90 1.144858
-0.88 1.144858
-0.86 1.144858
-0.84 1.144858
-0.82 1.144858
-0.80 1.144858
-0.78 1.144858
-0.76 1.144858
-0.74 1.144858
-0.72 1.144858
-0.70 1.144858
-0.68 1.144858
-0.66 1.144858
-0.64 1.144858
-0.62 1.144858
-0.60 1.144858
-0.58 1.144858
-0.56 1.144858
-0.54 1.144858
-0.52 1.144858
-0.50 1.144858
-0.48 1.144858
-0.46 1.144858
-0.44 1.144858
-0.42 1.144858
-0.40 1.144858
-0.38 1.144858
-0.36 1.144858
-0.34 1.144858
-0.32 1.144858
-0.30 1.144858
-0.28 1.144858
-0.26 1.144858
-0.24 1.144858
-0.22 1.144858
-0.20 1.144858
-0.18 1.144858
-0.16 1.144858
-0.14 1.144858
-0.12 1.144858
-0.10 1.144858
-0.08 1.144858
-0.06 1.144858
-0.04 1.144858
-0.02 1.144858
0.00 1.144858
0.02 1.144858
0.04 1.144858
0.06 1.144858
0.08 1.144858
0.10 1.144858
0.12 1.144858
0.14 1.144858
0.16 1.144858
0.18 1.144858
0.20 1.144858
0.22 1.144858
0.24 1.144858
0.26 1.144858
0.28 1.144858
0.30 1.144858
0.32 1.144858
0.34 1.144858
0.36 1.144858
0.38 1.144858
0.40 1.144858
0.42 1.144858
0.44 1.144858
0.46 1.144858
0.48 1.144858
0.50 1.144858
0.52 1.144858
0.54 1.144858
0.56 1.144858
0.58 1.144858
0.60 1.144858
0.62 1.144858
0.64 1.144858
0.66 1.144858
0.68 1.144858
0.70 1.144858
0.72 1.144858
0.74 1.144858
0.76 1.144858
0.78 1.144858
0.80 1.144858
0.82 1.144858
0.84 1.144858
0.86 1.144858
0.88 1.144858
0.90 1.144858
0.92 1.144858
0.94 1.144858
0.96 1.144858
0.98 1.144858
1.00 1.144858
-1.00 1.289717
-0.98 1.289717
-0.96 1.289717
-0.94 1.289717
-0.92 1.289717
-0.90 1.289717
-0.88 1.289717
-0.86 1.289717
-0.84 1.289717
-0.82 1.289717
-0.80 1.289717
-0.78 1.289717
-0.76 1.289717
-0.74 1.289717
-0.72 1.289717
-0.70 1.289717
-0.68 1.289717
-0.66 1.289717
-0.64 1.289717
-0.62 1.289717
-0.60 1.289717
-0.58 1.289717
-0.56 1.289717
-0.54 1.289717
-0.52 1.289717
-0.50 1.289717
-0.48 1.289717
-0.46 1.289717
-0.44 1.289717
-0.42 1.289717
-0.40 1.289717
-0.38 1.289717
-0.36 1.289717
-0.34 1.289717
-0.32 1.289717
-0.30 1.289717
-0.28 1.289717
-0.26 1.289717
-0.24 1.289717
-0.22 1.289717
-0.20 1.289717
-0.18 1.289717
-0.16 1.289717
-0.14 1.289717
-0.12 1.289717
-0.10 1.289717
-0.08 1.289717
-0.06 1.289717
-0.04 1.289717
-0.02 1.289717
0.00 1.289717
0.02 1.289717
0.04 1.289717
0.06 1.289717
0.08 1.289717
0.10 1.289717
0.12 1.289717
0.14 1.289717
0.16 1.289717
0.18 1.289717
0.20 1.289717
0.22 1.289717
0.24 1.289717
0.26 1.289717
0.28 1.289717
0.30 1.289717
0.32 1.289717
0.34 1.289717
0.36 1.289717
0.38 1.289717
0.40 1.289717
0.42 1.289717
0.44 1.289717
0.46 1.289717
0.48 1.289717
0.50 1.289717
0.52 1.289717
0.54 1.289717
0.56 1.289717
0.58 1.289717
0.60 1.289717
0.62 1.289717
0.64 1.289717
0.66 1.289717
0.68 1.289717
0.70 1.289717
0.72 1.289717
0.74 1.289717
0.76 1.289717
0.78 1.289717
0.80 1.289717
0.82 1.289717
0.84 1.289717
0.86 1.289717
0.88 1.289717
0.90 1.289717
0.92 1.289717
0.94 1.289717
0.96 1.289717
0.98 1.289717
1.00 1.289717
